# Autogenerated by the atlas packer, do not modify

texture = atlas_common_0
region_x = 0.63623046875000000
region_y = 0.29076343072573047
region_w = 0.01367187500000000
region_h = 0.02686145146088596

# -- Pasted from the override file --

w = 28
h = 28.5
