# Autogenerated by the atlas packer, do not modify

texture = atlas_common_0
region_x = 0.23022460937500000
region_y = 0.48413461538461539
region_w = 0.01367187500000000
region_h = 0.02740384615384615

# -- Pasted from the override file --

w = 28
h = 28.5
