# Autogenerated by the atlas packer, do not modify

texture = atlas_common_0
region_x = 0.41186523437500000
region_y = 0.72099767981438512
region_w = 0.01367187500000000
region_h = 0.03306264501160093
w = 28
h = 28.5