# Autogenerated by the atlas packer, do not modify

texture = atlas_common_0
region_x = 0.25811965811965815
region_y = 0.91200000000000003
region_w = 0.01367521367521368
region_h = 0.02533333333333333

# -- Pasted from the override file --

w = 28
h = 28.5
