# Autogenerated by the atlas packer, do not modify

texture = atlas_common_0
region_x = 0.76362297496318110
region_y = 0.92870813397129182
region_w = 0.01374570446735395
region_h = 0.02727272727272727

# -- Pasted from the override file --

w = 28
h = 28.5
