# Autogenerated by the atlas packer, do not modify

texture = atlas_common_0
region_x = 0.59408602150537637
region_y = 0.46356502242152464
region_w = 0.01368523949169110
region_h = 0.03195067264573991
w = 28
h = 28.5