# Autogenerated by the atlas packer, do not modify

texture = atlas_common_0
region_x = 0.23972602739726026
region_y = 0.89439252336448594
region_w = 0.01369863013698630
region_h = 0.02663551401869159

# -- Pasted from the override file --

w = 28
h = 28.5
