# Autogenerated by the atlas packer, do not modify

texture = atlas_common_0
region_x = 0.03289150711831124
region_y = 0.82440191387559814
region_w = 0.02970054000981836
region_h = 0.05789473684210526

# -- Pasted from the override file --

w = 30.25
h = 30.25
