# Autogenerated by the atlas packer, do not modify

texture = atlas_common_0
region_x = 0.05718475073313783
region_y = 0.72309417040358748
region_w = 0.02956989247311828
region_h = 0.06782511210762332
w = 30.25
h = 30.25