# Autogenerated by the atlas packer, do not modify

texture = atlas_common_0
region_x = 0.52323874755381605
region_y = 0.90841121495327104
region_w = 0.02959882583170254
region_h = 0.05654205607476635

# -- Pasted from the override file --

w = 30.25
h = 30.25
