# Autogenerated by the atlas packer, do not modify

texture = atlas_common_0
region_x = 0.61962890625000000
region_y = 0.23185673892554196
region_w = 0.02954101562500000
region_h = 0.05702167766258247

# -- Pasted from the override file --

w = 30.25
h = 30.25
