# Autogenerated by the atlas packer, do not modify

texture = atlas_common_0
region_x = 0.73943833943833948
region_y = 0.90711111111111109
region_w = 0.02954822954822955
region_h = 0.05377777777777778

# -- Pasted from the override file --

w = 30.25
h = 30.25
