# Autogenerated by the atlas packer, do not modify

texture = atlas_common_0
region_x = 0.37573242187500000
region_y = 0.71730769230769231
region_w = 0.02954101562500000
region_h = 0.05817307692307692

# -- Pasted from the override file --

w = 30.25
h = 30.25
