# Autogenerated by the atlas packer, do not modify

texture = atlas_common_0
region_x = 0.92724609375000000
region_y = 0.70417633410672853
region_w = 0.02954101562500000
region_h = 0.07018561484918794
w = 30.25
h = 30.25