# Autogenerated by the atlas packer, do not modify

texture = atlas_common_0
region_x = 0.53540039062500000
region_y = 0.47969837587006958
region_w = 0.03881835937500000
region_h = 0.09222737819025523
w = 39.75
h = 39.75