# Autogenerated by the atlas packer, do not modify

texture = atlas_common_0
region_x = 0.00048828125000000
region_y = 0.42836946277097077
region_w = 0.03881835937500000
region_h = 0.07492931196983978

# -- Pasted from the override file --

w = 39.75
h = 39.75
