# Autogenerated by the atlas packer, do not modify

texture = atlas_common_0
region_x = 0.64776632302405501
region_y = 0.75645933014354072
region_w = 0.03902798232695140
region_h = 0.07607655502392345

# -- Pasted from the override file --

w = 39.75
h = 39.75
