# Autogenerated by the atlas packer, do not modify

texture = atlas_common_0
region_x = 0.29178885630498536
region_y = 0.47421524663677128
region_w = 0.03885630498533724
region_h = 0.08912556053811659
w = 39.75
h = 39.75