# Autogenerated by the atlas packer, do not modify

texture = atlas_common_0
region_x = 0.66666666666666663
region_y = 0.80666666666666664
region_w = 0.03882783882783883
region_h = 0.07066666666666667

# -- Pasted from the override file --

w = 39.75
h = 39.75
