# Autogenerated by the atlas packer, do not modify

texture = atlas_common_0
region_x = 0.29598825831702547
region_y = 0.81635514018691591
region_w = 0.03889432485322896
region_h = 0.07429906542056075

# -- Pasted from the override file --

w = 39.75
h = 39.75
