# Autogenerated by the atlas packer, do not modify

texture = atlas_common_0
region_x = 0.79081133919843594
region_y = 0.91143497757847536
region_w = 0.01906158357771261
region_h = 0.05605381165919283
w = 19.5
h = 25