# Autogenerated by the atlas packer, do not modify

texture = atlas_common_0
region_x = 0.97753906250000000
region_y = 0.06057692307692308
region_w = 0.01904296875000000
region_h = 0.04807692307692308

# -- Pasted from the override file --

w = 19.5
h = 25
