# Autogenerated by the atlas packer, do not modify

texture = atlas_common_0
region_x = 0.48287671232876711
region_y = 0.46542056074766353
region_w = 0.01908023483365949
region_h = 0.04672897196261682

# -- Pasted from the override file --

w = 19.5
h = 25
