# Autogenerated by the atlas packer, do not modify

texture = atlas_common_0
region_x = 0.97753906250000000
region_y = 0.05937794533459001
region_w = 0.01904296875000000
region_h = 0.04712535344015080

# -- Pasted from the override file --

w = 19.5
h = 25
