# Autogenerated by the atlas packer, do not modify

texture = atlas_common_0
region_x = 0.63598632812500000
region_y = 0.89211136890951281
region_w = 0.01904296875000000
region_h = 0.05800464037122970
w = 19.5
h = 25