# Autogenerated by the atlas packer, do not modify

texture = atlas_common_0
region_x = 0.45139911634756996
region_y = 0.74880382775119614
region_w = 0.01914580265095729
region_h = 0.04784688995215311

# -- Pasted from the override file --

w = 19.5
h = 25
