# Autogenerated by the atlas packer, do not modify

texture = atlas_common_0
region_x = 0.07326007326007326
region_y = 0.90444444444444450
region_w = 0.01904761904761905
region_h = 0.04444444444444445

# -- Pasted from the override file --

w = 19.5
h = 25
