# Autogenerated by the atlas packer, do not modify

texture = atlas_common_0
region_x = 0.24511718750000000
region_y = 0.40384615384615385
region_w = 0.02294921875000000
region_h = 0.04903846153846154

# -- Pasted from the override file --

w = 23.5
h = 25.5
