# Autogenerated by the atlas packer, do not modify

texture = atlas_common_0
region_x = 0.36947496947496949
region_y = 0.93955555555555559
region_w = 0.02295482295482296
region_h = 0.04533333333333334

# -- Pasted from the override file --

w = 23.5
h = 25.5
