# Autogenerated by the atlas packer, do not modify

texture = atlas_common_0
region_x = 0.44153620352250489
region_y = 0.94579439252336450
region_w = 0.02299412915851272
region_h = 0.04766355140186916

# -- Pasted from the override file --

w = 23.5
h = 25.5
