# Autogenerated by the atlas packer, do not modify

texture = atlas_common_0
region_x = 0.55522971652003905
region_y = 0.88340807174887892
region_w = 0.02297165200391007
region_h = 0.05717488789237668
w = 23.5
h = 25.5