# Autogenerated by the atlas packer, do not modify

texture = atlas_common_0
region_x = 0.00049091801669121
region_y = 0.95023923444976077
region_w = 0.02307314678448699
region_h = 0.04880382775119617

# -- Pasted from the override file --

w = 23.5
h = 25.5
