# Autogenerated by the atlas packer, do not modify

texture = atlas_common_0
region_x = 0.71679687500000000
region_y = 0.87238979118329463
region_w = 0.02294921875000000
region_h = 0.05916473317865429
w = 23.5
h = 25.5