# Autogenerated by the atlas packer, do not modify

texture = atlas_common_0
region_x = 0.96947496947496947
region_y = 0.45777777777777778
region_w = 0.01758241758241758
region_h = 0.04177777777777777

# -- Pasted from the override file --

w = 18
h = 23.5
