# Autogenerated by the atlas packer, do not modify

texture = atlas_common_0
region_x = 0.20544918998527245
region_y = 0.67416267942583730
region_w = 0.01767304860088365
region_h = 0.04497607655502393

# -- Pasted from the override file --

w = 18
h = 23.5
