# Autogenerated by the atlas packer, do not modify

texture = atlas_common_0
region_x = 0.64135742187500000
region_y = 0.44038461538461537
region_w = 0.01757812500000000
region_h = 0.04519230769230769

# -- Pasted from the override file --

w = 18
h = 23.5
