# Autogenerated by the atlas packer, do not modify

texture = atlas_common_0
region_x = 0.59960937500000000
region_y = 0.33741753063147972
region_w = 0.01757812500000000
region_h = 0.04429783223374175

# -- Pasted from the override file --

w = 18
h = 23.5
