# Autogenerated by the atlas packer, do not modify

texture = atlas_common_0
region_x = 0.88514173998044965
region_y = 0.93665919282511212
region_w = 0.01759530791788856
region_h = 0.05269058295964126
w = 18
h = 23.5