# Autogenerated by the atlas packer, do not modify

texture = atlas_common_0
region_x = 0.85742187500000000
region_y = 0.43967517401392109
region_w = 0.01757812500000000
region_h = 0.05452436194895591
w = 18
h = 23.5