# Autogenerated by the atlas packer, do not modify

texture = atlas_common_0
region_x = 0.65900195694716246
region_y = 0.39532710280373834
region_w = 0.01761252446183953
region_h = 0.04392523364485981

# -- Pasted from the override file --

w = 18
h = 23.5
