# Autogenerated by the atlas packer, do not modify

texture = atlas_common_0
region_x = 0.00049091801669121
region_y = 0.52679425837320570
region_w = 0.01865488463426608
region_h = 0.03588516746411483

# -- Pasted from the override file --

w = 19
h = 18.75
