# Autogenerated by the atlas packer, do not modify

texture = atlas_common_0
region_x = 0.97753906250000000
region_y = 0.11057692307692307
region_w = 0.01855468750000000
region_h = 0.03605769230769230

# -- Pasted from the override file --

w = 19
h = 18.75
