# Autogenerated by the atlas packer, do not modify

texture = atlas_common_0
region_x = 0.15738025415444770
region_y = 0.94114349775784756
region_w = 0.01857282502443793
region_h = 0.04204035874439462
w = 19
h = 18.75