# Autogenerated by the atlas packer, do not modify

texture = atlas_common_0
region_x = 0.48287671232876711
region_y = 0.51401869158878499
region_w = 0.01859099804305284
region_h = 0.03504672897196261

# -- Pasted from the override file --

w = 19
h = 18.75
