# Autogenerated by the atlas packer, do not modify

texture = atlas_common_0
region_x = 0.77020757020757025
region_y = 0.55644444444444441
region_w = 0.01855921855921856
region_h = 0.03333333333333333

# -- Pasted from the override file --

w = 19
h = 18.75
