# Autogenerated by the atlas packer, do not modify

texture = atlas_common_0
region_x = 0.05786132812500000
region_y = 0.93967517401392109
region_w = 0.01855468750000000
region_h = 0.04350348027842228
w = 19
h = 18.75