# Autogenerated by the atlas packer, do not modify

texture = atlas_common_0
region_x = 0.52528227785959747
region_y = 0.62966507177033493
region_w = 0.03681885125184094
region_h = 0.07177033492822966
