# Autogenerated by the atlas packer, do not modify

texture = atlas_common_0
region_x = 0.38367546432062560
region_y = 0.68273542600896864
region_w = 0.03445747800586510
region_h = 0.07847533632286996
w = 141
h = 140
padding_top = 5
padding_bottom = 5
padding_left = 5
padding_right = 4