# Autogenerated by the atlas packer, do not modify

texture = atlas_common_0
region_x = 0.08219178082191780
region_y = 0.81869158878504678
region_w = 0.03669275929549902
region_h = 0.07009345794392523
