# Autogenerated by the atlas packer, do not modify

texture = atlas_common_0
region_x = 0.79248046875000000
region_y = 0.66763341067285387
region_w = 0.03442382812500000
region_h = 0.08120649651972157
w = 141
h = 140
padding_top = 5
padding_bottom = 5
padding_left = 5
padding_right = 4