# Autogenerated by the atlas packer, do not modify

texture = atlas_common_0
region_x = 0.78735351562500000
region_y = 0.59134615384615385
region_w = 0.03662109375000000
region_h = 0.07211538461538461
