# Autogenerated by the atlas packer, do not modify

texture = atlas_common_0
region_x = 0.96288156288156290
region_y = 0.76711111111111108
region_w = 0.03663003663003663
region_h = 0.06666666666666667
