# Autogenerated by the atlas packer, do not modify

texture = atlas_common_0
region_x = 0.60375976562500000
region_y = 0.36346153846153845
region_w = 0.01562500000000000
region_h = 0.07500000000000000

# -- Pasted from the override file --

w = 16
h = 39
