# Autogenerated by the atlas packer, do not modify

texture = atlas_common_0
region_x = 0.66064453125000000
region_y = 0.58576814326107440
region_w = 0.01562500000000000
region_h = 0.07351555136663525

# -- Pasted from the override file --

w = 16
h = 39
