# Autogenerated by the atlas packer, do not modify

texture = atlas_common_0
region_x = 0.16789396170839468
region_y = 0.47703349282296653
region_w = 0.01570937653411880
region_h = 0.07464114832535886

# -- Pasted from the override file --

w = 16
h = 39
