# Autogenerated by the atlas packer, do not modify

texture = atlas_common_0
region_x = 0.01879882812500000
region_y = 0.86310904872389793
region_w = 0.01562500000000000
region_h = 0.08932714617169374
w = 16
h = 38.5
padding_bottom = 0.5