# Autogenerated by the atlas packer, do not modify

texture = atlas_common_0
region_x = 0.65909090909090906
region_y = 0.88060538116591924
region_w = 0.01564027370478983
region_h = 0.08632286995515695
w = 16
h = 38.5
padding_bottom = 0.5