# Autogenerated by the atlas packer, do not modify

texture = atlas_common_0
region_x = 0.18656898656898657
region_y = 0.48888888888888887
region_w = 0.01562881562881563
region_h = 0.06933333333333333

# -- Pasted from the override file --

w = 16
h = 39
