# Autogenerated by the atlas packer, do not modify

texture = atlas_common_0
region_x = 0.17612524461839529
region_y = 0.24252336448598130
region_w = 0.01565557729941291
region_h = 0.07289719626168224

# -- Pasted from the override file --

w = 16
h = 39
