# Autogenerated by the atlas packer, do not modify

texture = atlas_common_0
region_x = 0.47324496809032890
region_y = 0.66889952153110044
region_w = 0.01030927835051546
region_h = 0.03253588516746411

# -- Pasted from the override file --

w = 21
h = 34
