# Autogenerated by the atlas packer, do not modify

texture = atlas_common_0
region_x = 0.51806640625000000
region_y = 0.23845428840716307
region_w = 0.01025390625000000
region_h = 0.03204524033930255

# -- Pasted from the override file --

w = 21
h = 34
