# Autogenerated by the atlas packer, do not modify

texture = atlas_common_0
region_x = 0.50708007812500000
region_y = 0.76044083526682138
region_w = 0.01000976562500000
region_h = 0.03944315545243619
w = 20.5
h = 34
padding_left = 0.5