# Autogenerated by the atlas packer, do not modify

texture = atlas_common_0
region_x = 0.29841269841269841
region_y = 0.48533333333333334
region_w = 0.01025641025641026
region_h = 0.03022222222222222

# -- Pasted from the override file --

w = 21
h = 34
