# Autogenerated by the atlas packer, do not modify

texture = atlas_common_0
region_x = 0.61912915851272010
region_y = 0.69065420560747659
region_w = 0.01027397260273973
region_h = 0.03177570093457944

# -- Pasted from the override file --

w = 21
h = 34
