# Autogenerated by the atlas packer, do not modify

texture = atlas_common_0
region_x = 0.84726295210166180
region_y = 0.65022421524663676
region_w = 0.01001955034213099
region_h = 0.03811659192825112
w = 20.5
h = 34
padding_left = 0.5