# Autogenerated by the atlas packer, do not modify

texture = atlas_common_0
region_x = 0.48748159057437407
region_y = 0.46411483253588515
region_w = 0.01227295041728031
region_h = 0.02392344497607655

# -- Pasted from the override file --

w = 25
h = 25
