# Autogenerated by the atlas packer, do not modify

texture = atlas_common_0
region_x = 0.18656898656898657
region_y = 0.56000000000000005
region_w = 0.01221001221001221
region_h = 0.02222222222222222

# -- Pasted from the override file --

w = 25
h = 25
