# Autogenerated by the atlas packer, do not modify

texture = atlas_common_0
region_x = 0.83308787432498776
region_y = 0.37129186602870812
region_w = 0.00736377025036819
region_h = 0.04784688995215311

# -- Pasted from the override file --

w = 15
h = 50
