# Autogenerated by the atlas packer, do not modify

texture = atlas_common_0
region_x = 0.38367546432062560
region_y = 0.60145739910313900
region_w = 0.00733137829912024
region_h = 0.05549327354260090
w = 15
h = 49.5
padding_bottom = 0.5