# Autogenerated by the atlas packer, do not modify

texture = atlas_common_0
region_x = 0.59931506849315064
region_y = 0.34299065420560748
region_w = 0.00733855185909980
region_h = 0.04672897196261682

# -- Pasted from the override file --

w = 15
h = 50
