# Autogenerated by the atlas packer, do not modify

texture = atlas_common_0
region_x = 0.63720703125000000
region_y = 0.29423076923076924
region_w = 0.01220703125000000
region_h = 0.02403846153846154

# -- Pasted from the override file --

w = 25
h = 25
