# Autogenerated by the atlas packer, do not modify

texture = atlas_common_0
region_x = 0.88940429687500000
region_y = 0.49709976798143851
region_w = 0.01123046875000000
region_h = 0.02668213457076566
w = 23
h = 23
padding_top = 1
padding_bottom = 1
padding_left = 1
padding_right = 1