# Autogenerated by the atlas packer, do not modify

texture = atlas_common_0
region_x = 0.99169921875000000
region_y = 0.36538461538461536
region_w = 0.00732421875000000
region_h = 0.04807692307692308

# -- Pasted from the override file --

w = 15
h = 50
