# Autogenerated by the atlas packer, do not modify

texture = atlas_common_0
region_x = 0.47235812133072408
region_y = 0.82102803738317753
region_w = 0.01223091976516634
region_h = 0.02336448598130841

# -- Pasted from the override file --

w = 25
h = 25
