# Autogenerated by the atlas packer, do not modify

texture = atlas_common_0
region_x = 0.23022460937500000
region_y = 0.47455230914231855
region_w = 0.01220703125000000
region_h = 0.02356267672007540

# -- Pasted from the override file --

w = 25
h = 25
