# Autogenerated by the atlas packer, do not modify

texture = atlas_common_0
region_x = 0.30541992187500000
region_y = 0.54476908576814331
region_w = 0.00732421875000000
region_h = 0.04712535344015080

# -- Pasted from the override file --

w = 15
h = 50
