# Autogenerated by the atlas packer, do not modify

texture = atlas_common_0
region_x = 0.31452991452991452
region_y = 0.37244444444444447
region_w = 0.00732600732600733
region_h = 0.04444444444444445

# -- Pasted from the override file --

w = 15
h = 50
