# Autogenerated by the atlas packer, do not modify

texture = atlas_common_0
region_x = 0.08651026392961877
region_y = 0.48262331838565020
region_w = 0.01124144672531769
region_h = 0.02578475336322870
w = 23
h = 23
padding_top = 1
padding_bottom = 1
padding_left = 1
padding_right = 1