# Autogenerated by the atlas packer, do not modify

texture = atlas_common_0
region_x = 0.68286132812500000
region_y = 0.52378190255220414
region_w = 0.00732421875000000
region_h = 0.05742459396751740
w = 15
h = 49.5
padding_bottom = 0.5