# Autogenerated by the atlas packer, do not modify

texture = atlas_common_0
region_x = 0.38330078125000000
region_y = 0.14938737040527805
region_w = 0.00683593750000000
region_h = 0.06786050895381715

# -- Pasted from the override file --

w = 14
h = 72
