# Autogenerated by the atlas packer, do not modify

texture = atlas_common_0
region_x = 0.43896484375000000
region_y = 0.23549883990719259
region_w = 0.00341796875000000
region_h = 0.07540603248259861
w = 7
h = 65