# Autogenerated by the atlas packer, do not modify

texture = atlas_common_0
region_x = 0.86007326007326013
region_y = 0.29333333333333333
region_w = 0.00341880341880342
region_h = 0.05777777777777778

# -- Pasted from the override file --

w = 7
h = 65
