# Autogenerated by the atlas packer, do not modify

texture = atlas_common_0
region_x = 0.14945054945054945
region_y = 0.20000000000000001
region_w = 0.00683760683760684
region_h = 0.06400000000000000

# -- Pasted from the override file --

w = 14
h = 72
