# Autogenerated by the atlas packer, do not modify

texture = atlas_common_0
region_x = 0.38330078125000000
region_y = 0.15240384615384617
region_w = 0.00683593750000000
region_h = 0.06923076923076923

# -- Pasted from the override file --

w = 14
h = 72
