# Autogenerated by the atlas packer, do not modify

texture = atlas_common_0
region_x = 0.20103092783505155
region_y = 0.83397129186602870
region_w = 0.00343642611683849
region_h = 0.06220095693779904

# -- Pasted from the override file --

w = 7
h = 65
