# Autogenerated by the atlas packer, do not modify

texture = atlas_common_0
region_x = 0.54203323558162264
region_y = 0.22309417040358745
region_w = 0.00684261974584555
region_h = 0.08071748878923767
w = 14
h = 72