# Autogenerated by the atlas packer, do not modify

texture = atlas_common_0
region_x = 0.08219178082191780
region_y = 0.74439252336448603
region_w = 0.00684931506849315
region_h = 0.06728971962616823

# -- Pasted from the override file --

w = 14
h = 72
