# Autogenerated by the atlas packer, do not modify

texture = atlas_common_0
region_x = 0.54150390625000000
region_y = 0.23085846867749421
region_w = 0.00683593750000000
region_h = 0.08352668213457076
w = 14
h = 72