# Autogenerated by the atlas packer, do not modify

texture = atlas_common_0
region_x = 0.51423662248404511
region_y = 0.72057416267942587
region_w = 0.00687285223367698
region_h = 0.06889952153110047

# -- Pasted from the override file --

w = 14
h = 72
