# Autogenerated by the atlas packer, do not modify

texture = atlas_common_0
region_x = 0.89247311827956988
region_y = 0.80044843049327352
region_w = 0.00342130987292278
region_h = 0.07286995515695067
w = 7
h = 65