# Autogenerated by the atlas packer, do not modify

texture = atlas_common_0
region_x = 0.99609375000000000
region_y = 0.14561734213006597
region_w = 0.00341796875000000
region_h = 0.06126295947219604

# -- Pasted from the override file --

w = 7
h = 65
