# Autogenerated by the atlas packer, do not modify

texture = atlas_common_0
region_x = 0.44496086105675148
region_y = 0.75140186915887852
region_w = 0.00342465753424658
region_h = 0.06074766355140187

# -- Pasted from the override file --

w = 7
h = 65
