# Autogenerated by the atlas packer, do not modify

texture = atlas_common_0
region_x = 0.45385742187500000
region_y = 0.60961538461538467
region_w = 0.01562500000000000
region_h = 0.05000000000000000

# -- Pasted from the override file --

w = 16
h = 26
