# Autogenerated by the atlas packer, do not modify

texture = atlas_common_0
region_x = 0.78620352250489234
region_y = 0.64672897196261681
region_w = 0.01565557729941291
region_h = 0.04859813084112150

# -- Pasted from the override file --

w = 16
h = 26
