# Autogenerated by the atlas packer, do not modify

texture = atlas_common_0
region_x = 0.62353515625000000
region_y = 0.52780395852968898
region_w = 0.01562500000000000
region_h = 0.04901036757775683

# -- Pasted from the override file --

w = 16
h = 26
