# Autogenerated by the atlas packer, do not modify

texture = atlas_common_0
region_x = 0.48803710937500000
region_y = 0.59686774941995357
region_w = 0.01513671875000000
region_h = 0.05916473317865429
w = 15.5
h = 25.5
padding_top = 0.25
padding_bottom = 0.25
padding_left = 0.25
padding_right = 0.25