# Autogenerated by the atlas packer, do not modify

texture = atlas_common_0
region_x = 0.30351906158357772
region_y = 0.93721973094170408
region_w = 0.01515151515151515
region_h = 0.05717488789237668
w = 15.5
h = 25.5
padding_top = 0.25
padding_bottom = 0.25
padding_left = 0.25
padding_right = 0.25