# Autogenerated by the atlas packer, do not modify

texture = atlas_common_0
region_x = 0.87039764359351990
region_y = 0.42296650717703349
region_w = 0.01570937653411880
region_h = 0.04976076555023923

# -- Pasted from the override file --

w = 16
h = 26
