# Autogenerated by the atlas packer, do not modify

texture = atlas_common_0
region_x = 0.89914529914529917
region_y = 0.12088888888888889
region_w = 0.01562881562881563
region_h = 0.04622222222222222

# -- Pasted from the override file --

w = 16
h = 26
