# Autogenerated by the atlas packer, do not modify

texture = atlas_common_0
region_x = 0.62060546875000000
region_y = 0.23653846153846153
region_w = 0.02832031250000000
region_h = 0.05576923076923077

# -- Pasted from the override file --

w = 29
h = 29
