# Autogenerated by the atlas packer, do not modify

texture = atlas_common_0
region_x = 0.42228739002932553
region_y = 0.76401345291479816
region_w = 0.02834799608993157
region_h = 0.06502242152466367
w = 29
h = 29