# Autogenerated by the atlas packer, do not modify

texture = atlas_common_0
region_x = 0.84094256259204714
region_y = 0.85789473684210527
region_w = 0.02847324496809033
region_h = 0.05550239234449761

# -- Pasted from the override file --

w = 29
h = 29
