# Autogenerated by the atlas packer, do not modify

texture = atlas_common_0
region_x = 0.96850585937500000
region_y = 0.48350612629594725
region_w = 0.02832031250000000
region_h = 0.05466540999057493

# -- Pasted from the override file --

w = 29
h = 29
