# Autogenerated by the atlas packer, do not modify

texture = atlas_common_0
region_x = 0.69055772994129161
region_y = 0.94485981308411215
region_w = 0.02837573385518591
region_h = 0.05420560747663551

# -- Pasted from the override file --

w = 29
h = 29
