# Autogenerated by the atlas packer, do not modify

texture = atlas_common_0
region_x = 0.25811965811965815
region_y = 0.93955555555555559
region_w = 0.02832722832722833
region_h = 0.05155555555555556

# -- Pasted from the override file --

w = 29
h = 29
