# Autogenerated by the atlas packer, do not modify

texture = atlas_common_0
region_x = 0.23999023437500000
region_y = 0.73491879350348033
region_w = 0.02832031250000000
region_h = 0.06728538283062645
w = 29
h = 29