# Autogenerated by the atlas packer, do not modify

texture = atlas_common_0
region_x = 0.80493164062500000
region_y = 0.92865429234338748
region_w = 0.01757812500000000
region_h = 0.05684454756380510
w = 18
h = 24.5