# Autogenerated by the atlas packer, do not modify

texture = atlas_common_0
region_x = 0.32673992673992674
region_y = 0.26400000000000001
region_w = 0.01758241758241758
region_h = 0.04355555555555556

# -- Pasted from the override file --

w = 18
h = 24.5
