# Autogenerated by the atlas packer, do not modify

texture = atlas_common_0
region_x = 0.97753906250000000
region_y = 0.14561734213006597
region_w = 0.01757812500000000
region_h = 0.04618284637134779

# -- Pasted from the override file --

w = 18
h = 24.5
