# Autogenerated by the atlas packer, do not modify

texture = atlas_common_0
region_x = 0.50538160469667315
region_y = 0.36074766355140186
region_w = 0.01761252446183953
region_h = 0.04579439252336449

# -- Pasted from the override file --

w = 18
h = 24.5
