# Autogenerated by the atlas packer, do not modify

texture = atlas_common_0
region_x = 0.37463343108504399
region_y = 0.93441704035874440
region_w = 0.01759530791788856
region_h = 0.05493273542600897
w = 18
h = 24.5