# Autogenerated by the atlas packer, do not modify

texture = atlas_common_0
region_x = 0.71526755031909672
region_y = 0.18373205741626794
region_w = 0.01767304860088365
region_h = 0.04688995215311005

# -- Pasted from the override file --

w = 18
h = 24.5
