# Autogenerated by the atlas packer, do not modify

texture = atlas_common_0
region_x = 0.90698242187500000
region_y = 0.00116009280742459
region_w = 0.07617187500000000
region_h = 0.18039443155452436
w = 78
h = 77.75