# Autogenerated by the atlas packer, do not modify

texture = atlas_common_0
region_x = 0.16691212567501226
region_y = 0.09760765550239234
region_w = 0.07658321060382917
region_h = 0.14880382775119616

# -- Pasted from the override file --

w = 78
h = 77.75
