# Autogenerated by the atlas packer, do not modify

texture = atlas_common_0
region_x = 0.90786901270772236
region_y = 0.00112107623318386
region_w = 0.07624633431085044
region_h = 0.17432735426008969
w = 78
h = 77.75