# Autogenerated by the atlas packer, do not modify

texture = atlas_common_0
region_x = 0.11790606653620352
region_y = 0.09532710280373832
region_w = 0.07632093933463796
region_h = 0.14532710280373831

# -- Pasted from the override file --

w = 78
h = 77.75
