# Autogenerated by the atlas packer, do not modify

texture = atlas_common_0
region_x = 0.92161172161172156
region_y = 0.02977777777777778
region_w = 0.07619047619047620
region_h = 0.13822222222222222

# -- Pasted from the override file --

w = 78
h = 77.75
