# Autogenerated by the atlas packer, do not modify

texture = atlas_common_0
region_x = 0.31396484375000000
region_y = 0.00096153846153846
region_w = 0.07617187500000000
region_h = 0.14951923076923077

# -- Pasted from the override file --

w = 78
h = 77.75
