# Autogenerated by the atlas packer, do not modify

texture = atlas_common_0
region_x = 0.97802734375000000
region_y = 0.54005655042412815
region_w = 0.01733398437500000
region_h = 0.03817153628652215

# -- Pasted from the override file --

w = 17.75
h = 20.25
