# Autogenerated by the atlas packer, do not modify

texture = atlas_common_0
region_x = 0.26369863013698630
region_y = 0.55046728971962622
region_w = 0.01736790606653620
region_h = 0.03785046728971963

# -- Pasted from the override file --

w = 17.75
h = 20.25
