# Autogenerated by the atlas packer, do not modify

texture = atlas_common_0
region_x = 0.70385742187500000
region_y = 0.93387470997679811
region_w = 0.01733398437500000
region_h = 0.04698375870069606
w = 17.75
h = 20.25