# Autogenerated by the atlas packer, do not modify

texture = atlas_common_0
region_x = 0.91159951159951158
region_y = 0.95999999999999996
region_w = 0.01733821733821734
region_h = 0.03600000000000000

# -- Pasted from the override file --

w = 17.75
h = 20.25
