# Autogenerated by the atlas packer, do not modify

texture = atlas_common_0
region_x = 0.31964809384164222
region_y = 0.93721973094170408
region_w = 0.01735092864125122
region_h = 0.04540358744394619
w = 17.75
h = 20.25