# Autogenerated by the atlas packer, do not modify

texture = atlas_common_0
region_x = 0.97973632812500000
region_y = 0.49326923076923079
region_w = 0.01733398437500000
region_h = 0.03894230769230769

# -- Pasted from the override file --

w = 17.75
h = 20.25
