# Autogenerated by the atlas packer, do not modify

texture = atlas_common_0
region_x = 0.53902798232695137
region_y = 0.48086124401913877
region_w = 0.01742758959253805
region_h = 0.03875598086124402

# -- Pasted from the override file --

w = 17.75
h = 20.25
