# Autogenerated by the atlas packer, do not modify

texture = atlas_common_0
region_x = 0.15738025415444770
region_y = 0.87892376681614348
region_w = 0.02346041055718475
region_h = 0.05997757847533632
w = 24
h = 26.75