# Autogenerated by the atlas packer, do not modify

texture = atlas_common_0
region_x = 0.64013671875000000
region_y = 0.43166823751178135
region_w = 0.02343750000000000
region_h = 0.05042412818096136

# -- Pasted from the override file --

w = 24
h = 26.75
