# Autogenerated by the atlas packer, do not modify

texture = atlas_common_0
region_x = 0.97387695312500000
region_y = 0.86484918793503485
region_w = 0.02343750000000000
region_h = 0.06206496519721578
w = 24
h = 26.75