# Autogenerated by the atlas packer, do not modify

texture = atlas_common_0
region_x = 0.60815429687500000
region_y = 0.87115384615384617
region_w = 0.02343750000000000
region_h = 0.05144230769230769

# -- Pasted from the override file --

w = 24
h = 26.75
