# Autogenerated by the atlas packer, do not modify

texture = atlas_common_0
region_x = 0.00048840048840049
region_y = 0.91511111111111110
region_w = 0.02344322344322344
region_h = 0.04755555555555555

# -- Pasted from the override file --

w = 24
h = 26.75
