# Autogenerated by the atlas packer, do not modify

texture = atlas_common_0
region_x = 0.54256360078277888
region_y = 0.44766355140186914
region_w = 0.02348336594911937
region_h = 0.05000000000000000

# -- Pasted from the override file --

w = 24
h = 26.75
