# Autogenerated by the atlas packer, do not modify

texture = atlas_common_0
region_x = 0.94575355915562098
region_y = 0.93540669856459335
region_w = 0.02356406480117820
region_h = 0.05119617224880383

# -- Pasted from the override file --

w = 24
h = 26.75
