# Autogenerated by the atlas packer, do not modify

texture = atlas_common_0
region_x = 0.45043945312500000
region_y = 0.87747408105560787
region_w = 0.02441406250000000
region_h = 0.04712535344015080

# -- Pasted from the override file --

w = 50
h = 50
