# Autogenerated by the atlas packer, do not modify

texture = atlas_common_0
region_x = 0.96263736263736266
region_y = 0.95422222222222219
region_w = 0.02442002442002442
region_h = 0.04444444444444445

# -- Pasted from the override file --

w = 50
h = 50
