# Autogenerated by the atlas packer, do not modify

texture = atlas_common_0
region_x = 0.02650957290132548
region_y = 0.94736842105263153
region_w = 0.02454590083456063
region_h = 0.04784688995215311

# -- Pasted from the override file --

w = 50
h = 50
