# Autogenerated by the atlas packer, do not modify

texture = atlas_common_0
region_x = 0.32714843750000000
region_y = 0.90603248259860791
region_w = 0.02124023437500000
region_h = 0.04988399071925754
w = 43.5
h = 43
padding_top = 3.5
padding_bottom = 3.5
padding_left = 3
padding_right = 3.5