# Autogenerated by the atlas packer, do not modify

texture = atlas_common_0
region_x = 0.58276367187500000
region_y = 0.86923076923076925
region_w = 0.02441406250000000
region_h = 0.04807692307692308

# -- Pasted from the override file --

w = 50
h = 50
