# Autogenerated by the atlas packer, do not modify

texture = atlas_common_0
region_x = 0.76099706744868034
region_y = 0.92432735426008972
region_w = 0.02126099706744868
region_h = 0.04820627802690583
w = 43.5
h = 43
padding_top = 3.5
padding_bottom = 3.5
padding_left = 3
padding_right = 3.5