# Autogenerated by the atlas packer, do not modify

texture = atlas_common_0
region_x = 0.40631115459882583
region_y = 0.95233644859813082
region_w = 0.02446183953033268
region_h = 0.04672897196261682

# -- Pasted from the override file --

w = 50
h = 50
