# Autogenerated by the atlas packer, do not modify

texture = atlas_common_0
region_x = 0.78080510554737359
region_y = 0.86555023923444974
region_w = 0.00785468826705940
region_h = 0.02296650717703349

# -- Pasted from the override file --

w = 16
h = 24
