# Autogenerated by the atlas packer, do not modify

texture = atlas_common_0
region_x = 0.02637362637362637
region_y = 0.85644444444444445
region_w = 0.00781440781440781
region_h = 0.02133333333333333

# -- Pasted from the override file --

w = 16
h = 24
