# Autogenerated by the atlas packer, do not modify

texture = atlas_common_0
region_x = 0.37353515625000000
region_y = 0.31971153846153844
region_w = 0.00781250000000000
region_h = 0.02307692307692308

# -- Pasted from the override file --

w = 16
h = 24
