# Autogenerated by the atlas packer, do not modify

texture = atlas_common_0
region_x = 0.41528320312500000
region_y = 0.60382830626450112
region_w = 0.00781250000000000
region_h = 0.02726218097447796
w = 16
h = 23.5
padding_bottom = 0.5