# Autogenerated by the atlas packer, do not modify

texture = atlas_common_0
region_x = 0.58651026392961880
region_y = 0.78811659192825112
region_w = 0.00782013685239492
region_h = 0.02634529147982063
w = 16
h = 23.5
padding_bottom = 0.5