# Autogenerated by the atlas packer, do not modify

texture = atlas_common_0
region_x = 0.54639175257731953
region_y = 0.00095693779904306
region_w = 0.09818360333824251
region_h = 0.19138755980861244

# -- Pasted from the override file --

w = 200
h = 200
