# Autogenerated by the atlas packer, do not modify

texture = atlas_common_0
region_x = 0.29101562500000000
region_y = 0.49071925754060325
region_w = 0.12500000000000000
region_h = 0.02668213457076566
w = 256
h = 23
padding_top = 4.5
padding_bottom = 4.5