# Autogenerated by the atlas packer, do not modify

texture = atlas_common_0
region_x = 0.04647749510763209
region_y = 0.65654205607476634
region_w = 0.04500978473581213
region_h = 0.08598130841121496

# -- Pasted from the override file --

w = 92
h = 92
