# Autogenerated by the atlas packer, do not modify

texture = atlas_common_0
region_x = 0.74682617187500000
region_y = 0.94759615384615381
region_w = 0.12500000000000000
region_h = 0.03076923076923077

# -- Pasted from the override file --

w = 256
h = 32
