# Autogenerated by the atlas packer, do not modify

texture = atlas_common_0
region_x = 0.52978515625000000
region_y = 0.12346842601319510
region_w = 0.04492187500000000
region_h = 0.08671065032987747

# -- Pasted from the override file --

w = 92
h = 92
