# Autogenerated by the atlas packer, do not modify

texture = atlas_common_0
region_x = 0.83015640273704794
region_y = 0.31950672645739908
region_w = 0.04496578690127077
region_h = 0.10313901345291480
w = 92
h = 92