# Autogenerated by the atlas packer, do not modify

texture = atlas_common_0
region_x = 0.12646484375000000
region_y = 0.00094250706880302
region_w = 0.09765625000000000
region_h = 0.18850141376060320

# -- Pasted from the override file --

w = 200
h = 200
