# Autogenerated by the atlas packer, do not modify

texture = atlas_common_0
region_x = 0.62866210937500000
region_y = 0.95004712535344016
region_w = 0.12500000000000000
region_h = 0.03016022620169651

# -- Pasted from the override file --

w = 256
h = 32
