# Autogenerated by the atlas packer, do not modify

texture = atlas_common_0
region_x = 0.85419734904270983
region_y = 0.09760765550239234
region_w = 0.12567501227295041
region_h = 0.03062200956937799

# -- Pasted from the override file --

w = 256
h = 32
