# Autogenerated by the atlas packer, do not modify

texture = atlas_common_0
region_x = 0.54452054794520544
region_y = 0.03271028037383177
region_w = 0.09784735812133072
region_h = 0.18691588785046728

# -- Pasted from the override file --

w = 200
h = 200
