# Autogenerated by the atlas packer, do not modify

texture = atlas_common_0
region_x = 0.92210012210012215
region_y = 0.68355555555555558
region_w = 0.04493284493284493
region_h = 0.08177777777777778

# -- Pasted from the override file --

w = 92
h = 92
