# Autogenerated by the atlas packer, do not modify

texture = atlas_common_0
region_x = 0.12646484375000000
region_y = 0.00096153846153846
region_w = 0.09765625000000000
region_h = 0.19230769230769232

# -- Pasted from the override file --

w = 200
h = 200
