# Autogenerated by the atlas packer, do not modify

texture = atlas_common_0
region_x = 0.79560439560439555
region_y = 0.00088888888888889
region_w = 0.12503052503052503
region_h = 0.02844444444444445

# -- Pasted from the override file --

w = 256
h = 32
