# Autogenerated by the atlas packer, do not modify

texture = atlas_common_0
region_x = 0.54452054794520544
region_y = 0.00093457943925234
region_w = 0.12524461839530332
region_h = 0.02990654205607477

# -- Pasted from the override file --

w = 256
h = 32
