# Autogenerated by the atlas packer, do not modify

texture = atlas_common_0
region_x = 0.15873015873015872
region_y = 0.09422222222222222
region_w = 0.09768009768009768
region_h = 0.17777777777777778

# -- Pasted from the override file --

w = 200
h = 200
