# Autogenerated by the atlas packer, do not modify

texture = atlas_common_0
region_x = 0.34506353861192574
region_y = 0.00112107623318386
region_w = 0.09775171065493646
region_h = 0.22421524663677131
w = 200
h = 200