# Autogenerated by the atlas packer, do not modify

texture = atlas_common_0
region_x = 0.08394698085419734
region_y = 0.47703349282296653
region_w = 0.04516445753559156
region_h = 0.08803827751196172

# -- Pasted from the override file --

w = 92
h = 92
