# Autogenerated by the atlas packer, do not modify

texture = atlas_common_0
region_x = 0.34472656250000000
region_y = 0.00116009280742459
region_w = 0.09765625000000000
region_h = 0.23201856148491878
w = 200
h = 200