# Autogenerated by the atlas packer, do not modify

texture = atlas_common_0
region_x = 0.59408602150537637
region_y = 0.50896860986547088
region_w = 0.12512218963831867
region_h = 0.02578475336322870
w = 256
h = 23
padding_top = 4.5
padding_bottom = 4.5