# Autogenerated by the atlas packer, do not modify

texture = atlas_common_0
region_x = 0.82934570312500000
region_y = 0.33062645011600927
region_w = 0.04492187500000000
region_h = 0.10672853828306264
w = 92
h = 92