# Autogenerated by the atlas packer, do not modify

texture = atlas_common_0
region_x = 0.22509765625000000
region_y = 0.00094250706880302
region_w = 0.08789062500000000
region_h = 0.17813383600377003

# -- Pasted from the override file --

w = 180
h = 189
