# Autogenerated by the atlas packer, do not modify

texture = atlas_common_0
region_x = 0.25738705738705736
region_y = 0.09422222222222222
region_w = 0.08791208791208792
region_h = 0.16800000000000001

# -- Pasted from the override file --

w = 180
h = 189
