# Autogenerated by the atlas packer, do not modify

texture = atlas_common_0
region_x = 0.80107526881720426
region_y = 0.00112107623318386
region_w = 0.07600195503421310
region_h = 0.19338565022421525
w = 155.5
h = 172.5
padding_top = 6
padding_bottom = 10.5
padding_left = 8
padding_right = 16.5