# Autogenerated by the atlas packer, do not modify

texture = atlas_common_0
region_x = 0.80029296875000000
region_y = 0.00116009280742459
region_w = 0.07592773437500000
region_h = 0.20011600928074247
w = 155.5
h = 172.5
padding_top = 6
padding_bottom = 10.5
padding_left = 8
padding_right = 16.5