# Autogenerated by the atlas packer, do not modify

texture = atlas_common_0
region_x = 0.91144814090019566
region_y = 0.00093457943925234
region_w = 0.08806262230919765
region_h = 0.17663551401869160

# -- Pasted from the override file --

w = 180
h = 189
