# Autogenerated by the atlas packer, do not modify

texture = atlas_common_0
region_x = 0.64555719194894456
region_y = 0.00095693779904306
region_w = 0.08836524300441827
region_h = 0.18086124401913875

# -- Pasted from the override file --

w = 180
h = 189
