# Autogenerated by the atlas packer, do not modify

texture = atlas_common_0
region_x = 0.78002929687500000
region_y = 0.88747099767981441
region_w = 0.02392578125000000
region_h = 0.05046403712296984
w = 49
h = 43.5
padding_top = 0.5
padding_bottom = 1
padding_left = 2.5
padding_right = 2.5