# Autogenerated by the atlas packer, do not modify

texture = atlas_common_0
region_x = 0.57917888563049857
region_y = 0.89013452914798208
region_w = 0.02639296187683285
region_h = 0.04596412556053812
w = 54
h = 41
padding_top = 4