# Autogenerated by the atlas packer, do not modify

texture = atlas_common_0
region_x = 0.88807069219440349
region_y = 0.31578947368421051
region_w = 0.02650957290132548
region_h = 0.04306220095693780

# -- Pasted from the override file --

w = 54
h = 45
