# Autogenerated by the atlas packer, do not modify

texture = atlas_common_0
region_x = 0.35913085937500000
region_y = 0.94086538461538460
region_w = 0.02636718750000000
region_h = 0.04326923076923077

# -- Pasted from the override file --

w = 54
h = 45
