# Autogenerated by the atlas packer, do not modify

texture = atlas_common_0
region_x = 0.60654936461388076
region_y = 0.89013452914798208
region_w = 0.02370478983382209
region_h = 0.05044843049327354
w = 48.5
h = 45
padding_left = 1
padding_right = 4.5