# Autogenerated by the atlas packer, do not modify

texture = atlas_common_0
region_x = 0.63123167155425219
region_y = 0.89293721973094176
region_w = 0.02346041055718475
region_h = 0.05044843049327354
w = 48
h = 45
padding_left = 1.5
padding_right = 4.5