# Autogenerated by the atlas packer, do not modify

texture = atlas_common_0
region_x = 0.68052837573385516
region_y = 0.27663551401869158
region_w = 0.02641878669275929
region_h = 0.04205607476635514

# -- Pasted from the override file --

w = 54
h = 45
