# Autogenerated by the atlas packer, do not modify

texture = atlas_common_0
region_x = 0.39746093750000000
region_y = 0.94533459000942510
region_w = 0.02636718750000000
region_h = 0.04241281809613572

# -- Pasted from the override file --

w = 54
h = 45
