# Autogenerated by the atlas packer, do not modify

texture = atlas_common_0
region_x = 0.28344726562500000
region_y = 0.88631090487238984
region_w = 0.02368164062500000
region_h = 0.05220417633410673
w = 48.5
h = 45
padding_left = 1
padding_right = 4.5