# Autogenerated by the atlas packer, do not modify

texture = atlas_common_0
region_x = 0.28742368742368740
region_y = 0.93955555555555559
region_w = 0.02637362637362637
region_h = 0.04000000000000000

# -- Pasted from the override file --

w = 54
h = 45
