# Autogenerated by the atlas packer, do not modify

texture = atlas_common_0
region_x = 0.04745596868884540
region_y = 0.94532710280373833
region_w = 0.02641878669275929
region_h = 0.04205607476635514

# -- Pasted from the override file --

w = 54
h = 45
