# Autogenerated by the atlas packer, do not modify

texture = atlas_common_0
region_x = 0.51586914062500000
region_y = 0.94015080113100846
region_w = 0.02636718750000000
region_h = 0.04241281809613572

# -- Pasted from the override file --

w = 54
h = 45
