# Autogenerated by the atlas packer, do not modify

texture = atlas_common_0
region_x = 0.23559570312500000
region_y = 0.88051044083526686
region_w = 0.02636718750000000
region_h = 0.04756380510440835
w = 54
h = 41
padding_top = 4