# Autogenerated by the atlas packer, do not modify

texture = atlas_common_0
region_x = 0.71991193737769077
region_y = 0.94485981308411215
region_w = 0.02641878669275929
region_h = 0.04205607476635514

# -- Pasted from the override file --

w = 54
h = 45
