# Autogenerated by the atlas packer, do not modify

texture = atlas_common_0
region_x = 0.73260073260073255
region_y = 0.45155555555555554
region_w = 0.02637362637362637
region_h = 0.04000000000000000

# -- Pasted from the override file --

w = 54
h = 45
