# Autogenerated by the atlas packer, do not modify

texture = atlas_common_0
region_x = 0.27859237536656889
region_y = 0.90302690582959644
region_w = 0.02394916911045943
region_h = 0.04876681614349776
w = 49
h = 43.5
padding_top = 0.5
padding_bottom = 1
padding_left = 2.5
padding_right = 2.5