# Autogenerated by the atlas packer, do not modify

texture = atlas_common_0
region_x = 0.63356164383561642
region_y = 0.59532710280373835
region_w = 0.01663405088062622
region_h = 0.03831775700934580

# -- Pasted from the override file --

w = 34
h = 41
