# Autogenerated by the atlas packer, do not modify

texture = atlas_common_0
region_x = 0.93504273504273505
region_y = 0.95777777777777773
region_w = 0.01660561660561661
region_h = 0.03644444444444445

# -- Pasted from the override file --

w = 34
h = 41
