# Autogenerated by the atlas packer, do not modify

texture = atlas_common_0
region_x = 0.71721611721611722
region_y = 0.94444444444444442
region_w = 0.01660561660561661
region_h = 0.03644444444444445

# -- Pasted from the override file --

w = 34
h = 41
