# Autogenerated by the atlas packer, do not modify

texture = atlas_common_0
region_x = 0.97338867187500000
region_y = 0.65480769230769231
region_w = 0.01660156250000000
region_h = 0.03942307692307692

# -- Pasted from the override file --

w = 34
h = 41
