# Autogenerated by the atlas packer, do not modify

texture = atlas_common_0
region_x = 0.82348632812500000
region_y = 0.94315545243619492
region_w = 0.01489257812500000
region_h = 0.04176334106728538
w = 30.5
h = 36
padding_top = 2
padding_bottom = 3
padding_left = 1.5
padding_right = 2