# Autogenerated by the atlas packer, do not modify

texture = atlas_common_0
region_x = 0.55522971652003905
region_y = 0.94282511210762332
region_w = 0.01661779081133920
region_h = 0.04091928251121076
w = 34
h = 36.5
padding_top = 2.5
padding_bottom = 2