# Autogenerated by the atlas packer, do not modify

texture = atlas_common_0
region_x = 0.49607265586647031
region_y = 0.95358851674641143
region_w = 0.01669121256750123
region_h = 0.03923444976076555

# -- Pasted from the override file --

w = 34
h = 41
