# Autogenerated by the atlas packer, do not modify

texture = atlas_common_0
region_x = 0.97558593750000000
region_y = 0.74693685202639015
region_w = 0.01660156250000000
region_h = 0.03864278982092366

# -- Pasted from the override file --

w = 34
h = 41
