# Autogenerated by the atlas packer, do not modify

texture = atlas_common_0
region_x = 0.82966764418377326
region_y = 0.73991031390134532
region_w = 0.01661779081133920
region_h = 0.04091928251121076
w = 34
h = 36.5
padding_top = 2.5
padding_bottom = 2