# Autogenerated by the atlas packer, do not modify

texture = atlas_common_0
region_x = 0.06616210937500000
region_y = 0.55858468677494200
region_w = 0.01611328125000000
region_h = 0.04060324825986079
w = 33
h = 35
padding_top = 2
padding_bottom = 4
padding_right = 1