# Autogenerated by the atlas packer, do not modify

texture = atlas_common_0
region_x = 0.08773216031280548
region_y = 0.72309417040358748
region_w = 0.01661779081133920
region_h = 0.04035874439461883
w = 34
h = 36
padding_top = 2.5
padding_bottom = 2.5