# Autogenerated by the atlas packer, do not modify

texture = atlas_common_0
region_x = 0.60190615835777128
region_y = 0.94282511210762332
region_w = 0.01661779081133920
region_h = 0.04035874439461883
w = 34
h = 36
padding_top = 2.5
padding_bottom = 2.5