# Autogenerated by the atlas packer, do not modify

texture = atlas_common_0
region_x = 0.45156555772994128
region_y = 0.65607476635514017
region_w = 0.01663405088062622
region_h = 0.03831775700934580

# -- Pasted from the override file --

w = 34
h = 41
