# Autogenerated by the atlas packer, do not modify

texture = atlas_common_0
region_x = 0.77248289345063537
region_y = 0.61715246636771304
region_w = 0.01612903225806452
region_h = 0.03923766816143498
w = 33
h = 35
padding_top = 2
padding_bottom = 4
padding_right = 1