# Autogenerated by the atlas packer, do not modify

texture = atlas_common_0
region_x = 0.52397260273972601
region_y = 0.24205607476635513
region_w = 0.01663405088062622
region_h = 0.03831775700934580

# -- Pasted from the override file --

w = 34
h = 41
