# Autogenerated by the atlas packer, do not modify

texture = atlas_common_0
region_x = 0.61950146627565983
region_y = 0.94562780269058300
region_w = 0.01490713587487781
region_h = 0.04035874439461883
w = 30.5
h = 36
padding_top = 2
padding_bottom = 3
padding_left = 1.5
padding_right = 2