# Autogenerated by the atlas packer, do not modify

texture = atlas_common_0
region_x = 0.90722656250000000
region_y = 0.93213949104618288
region_w = 0.01660156250000000
region_h = 0.03864278982092366

# -- Pasted from the override file --

w = 34
h = 41
