# Autogenerated by the atlas packer, do not modify

texture = atlas_common_0
region_x = 0.85620117187500000
region_y = 0.94083526682134566
region_w = 0.01660156250000000
region_h = 0.04176334106728538
w = 34
h = 36
padding_top = 2.5
padding_bottom = 2.5