# Autogenerated by the atlas packer, do not modify

texture = atlas_common_0
region_x = 0.72216796875000000
region_y = 0.93387470997679811
region_w = 0.01660156250000000
region_h = 0.04234338747099768
w = 34
h = 36.5
padding_top = 2.5
padding_bottom = 2