# Autogenerated by the atlas packer, do not modify

texture = atlas_common_0
region_x = 0.06971035837015219
region_y = 0.95645933014354068
region_w = 0.01669121256750123
region_h = 0.03923444976076555

# -- Pasted from the override file --

w = 34
h = 41
