# Autogenerated by the atlas packer, do not modify

texture = atlas_common_0
region_x = 0.00048828125000000
region_y = 0.94674835061262963
region_w = 0.01660156250000000
region_h = 0.03864278982092366

# -- Pasted from the override file --

w = 34
h = 41
