# Autogenerated by the atlas packer, do not modify

texture = atlas_common_0
region_x = 0.31947162426614484
region_y = 0.94112149532710276
region_w = 0.02935420743639922
region_h = 0.04672897196261682

# -- Pasted from the override file --

w = 60
h = 50
