# Autogenerated by the atlas packer, do not modify

texture = atlas_common_0
region_x = 0.80786132812500000
region_y = 0.87064965197215782
region_w = 0.02636718750000000
region_h = 0.05568445475638051
w = 54
h = 48
padding_top = 1
padding_bottom = 1
padding_left = 3
padding_right = 3