# Autogenerated by the atlas packer, do not modify

texture = atlas_common_0
region_x = 0.58178710937500000
region_y = 0.87323279924599440
region_w = 0.02929687500000000
region_h = 0.04712535344015080

# -- Pasted from the override file --

w = 60
h = 50
