# Autogenerated by the atlas packer, do not modify

texture = atlas_common_0
region_x = 0.69477028347996095
region_y = 0.87556053811659196
region_w = 0.02932551319648094
region_h = 0.05100896860986547
w = 60
h = 45.5
padding_top = 4.5