# Autogenerated by the atlas packer, do not modify

texture = atlas_common_0
region_x = 0.92480468750000000
region_y = 0.86333647502356270
region_w = 0.02929687500000000
region_h = 0.04712535344015080

# -- Pasted from the override file --

w = 60
h = 50
