# Autogenerated by the atlas packer, do not modify

texture = atlas_common_0
region_x = 0.56898238747553820
region_y = 0.34299065420560748
region_w = 0.02935420743639922
region_h = 0.04672897196261682

# -- Pasted from the override file --

w = 60
h = 50
