# Autogenerated by the atlas packer, do not modify

texture = atlas_common_0
region_x = 0.86886446886446889
region_y = 0.12088888888888889
region_w = 0.02930402930402930
region_h = 0.04444444444444445

# -- Pasted from the override file --

w = 60
h = 50
