# Autogenerated by the atlas packer, do not modify

texture = atlas_common_0
region_x = 0.10058593750000000
region_y = 0.86194895591647336
region_w = 0.02587890625000000
region_h = 0.05800464037122970
w = 53
h = 50
padding_left = 1.5
padding_right = 5.5