# Autogenerated by the atlas packer, do not modify

texture = atlas_common_0
region_x = 0.50635386119257086
region_y = 0.61098654708520184
region_w = 0.02590420332355816
region_h = 0.05605381165919283
w = 53
h = 50
padding_left = 1.5
padding_right = 5.5