# Autogenerated by the atlas packer, do not modify

texture = atlas_common_0
region_x = 0.56678876678876677
region_y = 0.93911111111111112
region_w = 0.02930402930402930
region_h = 0.04444444444444445

# -- Pasted from the override file --

w = 60
h = 50
