# Autogenerated by the atlas packer, do not modify

texture = atlas_common_0
region_x = 0.31329423264907136
region_y = 0.88116591928251120
region_w = 0.02639296187683285
region_h = 0.05381165919282511
w = 54
h = 48
padding_top = 1
padding_bottom = 1
padding_left = 3
padding_right = 3