# Autogenerated by the atlas packer, do not modify

texture = atlas_common_0
region_x = 0.45190429687500000
region_y = 0.85904872389791187
region_w = 0.02929687500000000
region_h = 0.05278422273781903
w = 60
h = 45.5
padding_top = 4.5