# Autogenerated by the atlas packer, do not modify

texture = atlas_common_0
region_x = 0.25756835937500000
region_y = 0.76060320452403396
region_w = 0.03222656250000000
region_h = 0.05183788878416588

# -- Pasted from the override file --

w = 66
h = 55
