# Autogenerated by the atlas packer, do not modify

texture = atlas_common_0
region_x = 0.72387695312500000
region_y = 0.70765661252900236
region_w = 0.03051757812500000
region_h = 0.06380510440835267
w = 62.5
h = 55
padding_left = 0.5
padding_right = 3