# Autogenerated by the atlas packer, do not modify

texture = atlas_common_0
region_x = 0.76239316239316235
region_y = 0.23022222222222222
region_w = 0.03223443223443224
region_h = 0.04888888888888889

# -- Pasted from the override file --

w = 66
h = 55
