# Autogenerated by the atlas packer, do not modify

texture = atlas_common_0
region_x = 0.22436523437500000
region_y = 0.74552309142318562
region_w = 0.03222656250000000
region_h = 0.05183788878416588

# -- Pasted from the override file --

w = 66
h = 55
