# Autogenerated by the atlas packer, do not modify

texture = atlas_common_0
region_x = 0.78515625000000000
region_y = 0.75116009280742457
region_w = 0.03222656250000000
region_h = 0.05858468677494200
w = 66
h = 50.5
padding_top = 4.5