# Autogenerated by the atlas packer, do not modify

texture = atlas_common_0
region_x = 0.28641251221896386
region_y = 0.77130044843049328
region_w = 0.03225806451612903
region_h = 0.05661434977578475
w = 66
h = 50.5
padding_top = 4.5