# Autogenerated by the atlas packer, do not modify

texture = atlas_common_0
region_x = 0.22336265884652981
region_y = 0.72813901345291476
region_w = 0.03054740957966764
region_h = 0.06165919282511211
w = 62.5
h = 55
padding_left = 1
padding_right = 2.5