# Autogenerated by the atlas packer, do not modify

texture = atlas_common_0
region_x = 0.51539589442815248
region_y = 0.77017937219730936
region_w = 0.03054740957966764
region_h = 0.05997757847533632
w = 62.5
h = 53.5
padding_top = 0.5
padding_bottom = 1
padding_left = 0.5
padding_right = 3