# Autogenerated by the atlas packer, do not modify

texture = atlas_common_0
region_x = 0.80870841487279843
region_y = 0.45607476635514016
region_w = 0.03228962818003914
region_h = 0.05140186915887850

# -- Pasted from the override file --

w = 66
h = 55
