# Autogenerated by the atlas packer, do not modify

texture = atlas_common_0
region_x = 0.25488758553274682
region_y = 0.73654708520179368
region_w = 0.03054740957966764
region_h = 0.06165919282511211
w = 62.5
h = 55
padding_left = 0.5
padding_right = 3