# Autogenerated by the atlas packer, do not modify

texture = atlas_common_0
region_x = 0.26928710937500000
region_y = 0.73491879350348033
region_w = 0.03051757812500000
region_h = 0.06206496519721578
w = 62.5
h = 53.5
padding_top = 0.5
padding_bottom = 1
padding_left = 0.5
padding_right = 3