# Autogenerated by the atlas packer, do not modify

texture = atlas_common_0
region_x = 0.60812133072407049
region_y = 0.22149532710280373
region_w = 0.03228962818003914
region_h = 0.05140186915887850

# -- Pasted from the override file --

w = 66
h = 55
