# Autogenerated by the atlas packer, do not modify

texture = atlas_common_0
region_x = 0.08773216031280548
region_y = 0.76569506726457404
region_w = 0.02737047898338221
region_h = 0.06726457399103139
w = 56
h = 60
padding_top = 2
padding_bottom = 2
padding_left = 4.5
padding_right = 3.5