# Autogenerated by the atlas packer, do not modify

texture = atlas_common_0
region_x = 0.00048828125000000
region_y = 0.55974477958236657
region_w = 0.02734375000000000
region_h = 0.06960556844547564
w = 56
h = 60
padding_top = 2
padding_bottom = 2
padding_left = 4.5
padding_right = 3.5