# Autogenerated by the atlas packer, do not modify

texture = atlas_common_0
region_x = 0.49975538160469668
region_y = 0.84672897196261687
region_w = 0.03131115459882583
region_h = 0.05981308411214954

# -- Pasted from the override file --

w = 64
h = 64
