# Autogenerated by the atlas packer, do not modify

texture = atlas_common_ui_0
region_x = 0.00240384615384615
region_y = 0.00295857988165680
region_w = 0.16826923076923078
region_h = 0.05917159763313609

# -- Pasted from the override file --

w = 70
h = 20
