# Autogenerated by the atlas packer, do not modify

texture = atlas_common_ui_0
region_x = 0.74368686868686873
region_y = 0.63380281690140849
region_w = 0.17676767676767677
region_h = 0.07042253521126761
w = 70
h = 20