# Autogenerated by the atlas packer, do not modify

texture = atlas_common_0
region_x = 0.85229492187500000
region_y = 0.69953596287703013
region_w = 0.03125000000000000
region_h = 0.07366589327146171
w = 64
h = 63.5
padding_bottom = 0.5