# Autogenerated by the atlas packer, do not modify

texture = atlas_common_0
region_x = 0.09246575342465753
region_y = 0.65654205607476634
region_w = 0.04305283757338552
region_h = 0.08224299065420561

# -- Pasted from the override file --

w = 88
h = 88
