# Autogenerated by the atlas packer, do not modify

texture = atlas_common_0
region_x = 0.18556701030927836
region_y = 0.35550239234449760
region_w = 0.03141875306823760
region_h = 0.06124401913875598

# -- Pasted from the override file --

w = 64
h = 64
