# Autogenerated by the atlas packer, do not modify

texture = atlas_common_0
region_x = 0.48022460937500000
region_y = 0.34401508011310084
region_w = 0.03125000000000000
region_h = 0.06032045240339302

# -- Pasted from the override file --

w = 64
h = 64
