# Autogenerated by the atlas packer, do not modify

texture = atlas_common_0
region_x = 0.10940170940170940
region_y = 0.20000000000000001
region_w = 0.03907203907203907
region_h = 0.07111111111111111

# -- Pasted from the override file --

w = 80
h = 80
