# Autogenerated by the atlas packer, do not modify

texture = atlas_common_0
region_x = 0.29936461388074292
region_y = 0.24663677130044842
region_w = 0.04301075268817205
region_h = 0.09865470852017937
w = 88
h = 88