# Autogenerated by the atlas packer, do not modify

texture = atlas_common_0
region_x = 0.89711632453567935
region_y = 0.71188340807174888
region_w = 0.03128054740957967
region_h = 0.07118834080717489
w = 64
h = 63.5
padding_bottom = 0.5