# Autogenerated by the atlas packer, do not modify

texture = atlas_common_0
region_x = 0.25587084148727984
region_y = 0.81635514018691591
region_w = 0.03913894324853229
region_h = 0.07476635514018691

# -- Pasted from the override file --

w = 80
h = 80
