# Autogenerated by the atlas packer, do not modify

texture = atlas_common_0
region_x = 0.29907226562500000
region_y = 0.25522041763341069
region_w = 0.04296875000000000
region_h = 0.10208816705336426
w = 88
h = 88