# Autogenerated by the atlas packer, do not modify

texture = atlas_common_0
region_x = 0.66455078125000000
region_y = 0.32610744580584355
region_w = 0.04296875000000000
region_h = 0.08294062205466542

# -- Pasted from the override file --

w = 88
h = 88
