# Autogenerated by the atlas packer, do not modify

texture = atlas_common_0
region_x = 0.75928641251221896
region_y = 0.44730941704035876
region_w = 0.03910068426197458
region_h = 0.08968609865470852
w = 80
h = 80