# Autogenerated by the atlas packer, do not modify

texture = atlas_common_0
region_x = 0.13378906250000000
region_y = 0.41241299303944318
region_w = 0.03906250000000000
region_h = 0.09280742459396751
w = 80
h = 80