# Autogenerated by the atlas packer, do not modify

texture = atlas_common_0
region_x = 0.12820512820512819
region_y = 0.84399999999999997
region_w = 0.03125763125763126
region_h = 0.05688888888888889

# -- Pasted from the override file --

w = 64
h = 64
