# Autogenerated by the atlas packer, do not modify

texture = atlas_common_0
region_x = 0.00048840048840049
region_y = 0.70222222222222219
region_w = 0.04297924297924298
region_h = 0.07822222222222222

# -- Pasted from the override file --

w = 88
h = 88
