# Autogenerated by the atlas packer, do not modify

texture = atlas_common_0
region_x = 0.43310546875000000
region_y = 0.42271442035815271
region_w = 0.03906250000000000
region_h = 0.07540056550424128

# -- Pasted from the override file --

w = 80
h = 80
