# Autogenerated by the atlas packer, do not modify

texture = atlas_common_0
region_x = 0.96337890625000000
region_y = 0.23557692307692307
region_w = 0.03125000000000000
region_h = 0.06153846153846154

# -- Pasted from the override file --

w = 64
h = 64
