# Autogenerated by the atlas packer, do not modify

texture = atlas_common_0
region_x = 0.64359099804305286
region_y = 0.89345794392523370
region_w = 0.02250489236790607
region_h = 0.05934579439252336
