# Autogenerated by the atlas packer, do not modify

texture = atlas_common_0
region_x = 0.29272460937500000
region_y = 0.81032482598607891
region_w = 0.02246093750000000
region_h = 0.07366589327146171
w = 92
h = 127