# Autogenerated by the atlas packer, do not modify

texture = atlas_common_0
region_x = 0.33586105675146771
region_y = 0.87990654205607477
region_w = 0.02250489236790607
region_h = 0.05934579439252336
