# Autogenerated by the atlas packer, do not modify

texture = atlas_common_0
region_x = 0.74363992172211346
region_y = 0.88364485981308416
region_w = 0.02250489236790607
region_h = 0.05934579439252336
