# Autogenerated by the atlas packer, do not modify

texture = atlas_common_0
region_x = 0.26637341153470184
region_y = 0.83015695067264572
region_w = 0.02248289345063539
region_h = 0.07062780269058296
w = 92
h = 126
padding_top = 1