# Autogenerated by the atlas packer, do not modify

texture = atlas_common_0
region_x = 0.86035156250000000
region_y = 0.93213949104618288
region_w = 0.02246093750000000
region_h = 0.05984919886899152
