# Autogenerated by the atlas packer, do not modify

texture = atlas_common_0
region_x = 0.44165039062500000
region_y = 0.92648444863336477
region_w = 0.02246093750000000
region_h = 0.05984919886899152
