# Autogenerated by the atlas packer, do not modify

texture = atlas_common_0
region_x = 0.97558593750000000
region_y = 0.68520263901979261
region_w = 0.02246093750000000
region_h = 0.05984919886899152
