# Autogenerated by the atlas packer, do not modify

texture = atlas_common_0
region_x = 0.49217986314760509
region_y = 0.85201793721973096
region_w = 0.02223851417399805
region_h = 0.07118834080717489
w = 91
h = 127
padding_left = 1