# Autogenerated by the atlas packer, do not modify

texture = atlas_common_0
region_x = 0.08773216031280548
region_y = 0.83520179372197312
region_w = 0.02223851417399805
region_h = 0.07118834080717489
w = 91
h = 127
padding_left = 1