# Autogenerated by the atlas packer, do not modify

texture = atlas_common_0
region_x = 0.93286132812500000
region_y = 0.92596153846153850
region_w = 0.02246093750000000
region_h = 0.06105769230769231
