# Autogenerated by the atlas packer, do not modify

texture = atlas_common_0
region_x = 0.35801564027370480
region_y = 0.79596412556053808
region_w = 0.02248289345063539
region_h = 0.07118834080717489
w = 92
h = 127