# Autogenerated by the atlas packer, do not modify

texture = atlas_common_0
region_x = 0.59081983308787434
region_y = 0.90143540669856459
region_w = 0.02258222876779578
region_h = 0.06076555023923445
