# Autogenerated by the atlas packer, do not modify

texture = atlas_common_0
region_x = 0.24291300097751711
region_y = 0.80044843049327352
region_w = 0.02248289345063539
region_h = 0.07118834080717489
w = 92
h = 127