# Autogenerated by the atlas packer, do not modify

texture = atlas_common_0
region_x = 0.41805283757338552
region_y = 0.89112149532710283
region_w = 0.02250489236790607
region_h = 0.05934579439252336
