# Autogenerated by the atlas packer, do not modify

texture = atlas_common_0
region_x = 0.02637362637362637
region_y = 0.89911111111111108
region_w = 0.02246642246642247
region_h = 0.05644444444444444
