# Autogenerated by the atlas packer, do not modify

texture = atlas_common_0
region_x = 0.87182617187500000
region_y = 0.81090487238979114
region_w = 0.02246093750000000
region_h = 0.07308584686774942
w = 92
h = 126
padding_top = 1