# Autogenerated by the atlas packer, do not modify

texture = atlas_common_0
region_x = 0.60620117187500000
region_y = 0.92451923076923082
region_w = 0.02246093750000000
region_h = 0.06105769230769231
