# Autogenerated by the atlas packer, do not modify

texture = atlas_common_0
region_x = 0.12402343750000000
region_y = 0.78596287703016243
region_w = 0.02246093750000000
region_h = 0.07366589327146171
w = 92
h = 127