# Autogenerated by the atlas packer, do not modify

texture = atlas_common_0
region_x = 0.44574780058651026
region_y = 0.84417040358744400
region_w = 0.02223851417399805
region_h = 0.07118834080717489
w = 91
h = 127
padding_left = 1