# Autogenerated by the atlas packer, do not modify

texture = atlas_common_0
region_x = 0.93919413919413919
region_y = 0.84133333333333338
region_w = 0.02246642246642247
region_h = 0.05644444444444444
