# Autogenerated by the atlas packer, do not modify

texture = atlas_common_0
region_x = 0.02397260273972603
region_y = 0.88598130841121492
region_w = 0.02250489236790607
region_h = 0.05934579439252336
