# Autogenerated by the atlas packer, do not modify

texture = atlas_common_0
region_x = 0.13660801564027369
region_y = 0.80549327354260092
region_w = 0.02248289345063539
region_h = 0.07118834080717489
w = 92
h = 127