# Autogenerated by the atlas packer, do not modify

texture = atlas_common_0
region_x = 0.29598825831702547
region_y = 0.89252336448598135
region_w = 0.02250489236790607
region_h = 0.05934579439252336
