# Autogenerated by the atlas packer, do not modify

texture = atlas_common_0
region_x = 0.69360351562500000
region_y = 0.83932714617169368
region_w = 0.02221679687500000
region_h = 0.07308584686774942
w = 91
h = 126
padding_top = 1
padding_left = 1