# Autogenerated by the atlas packer, do not modify

texture = atlas_common_0
region_x = 0.69721407624633436
region_y = 0.79932735426008972
region_w = 0.02248289345063539
region_h = 0.07118834080717489
w = 92
h = 127