# Autogenerated by the atlas packer, do not modify

texture = atlas_common_0
region_x = 0.81835937500000000
region_y = 0.79466357308584690
region_w = 0.02246093750000000
region_h = 0.07366589327146171
w = 92
h = 127