# Autogenerated by the atlas packer, do not modify

texture = atlas_common_0
region_x = 0.72067448680351909
region_y = 0.80213004484304928
region_w = 0.02248289345063539
region_h = 0.07118834080717489
w = 92
h = 127