# Autogenerated by the atlas packer, do not modify

texture = atlas_common_0
region_x = 0.00048828125000000
region_y = 0.88501413760603209
region_w = 0.02246093750000000
region_h = 0.05984919886899152
