# Autogenerated by the atlas packer, do not modify

texture = atlas_common_0
region_x = 0.22949218750000000
region_y = 0.92554194156456171
region_w = 0.02246093750000000
region_h = 0.05984919886899152
