# Autogenerated by the atlas packer, do not modify

texture = atlas_common_0
region_x = 0.23956799214531174
region_y = 0.90430622009569372
region_w = 0.02258222876779578
region_h = 0.06076555023923445
