# Autogenerated by the atlas packer, do not modify

texture = atlas_common_0
region_x = 0.67944335937500000
region_y = 0.87500000000000000
region_w = 0.02246093750000000
region_h = 0.06105769230769231
