# Autogenerated by the atlas packer, do not modify

texture = atlas_common_0
region_x = 0.53979492187500000
region_y = 0.77726218097447797
region_w = 0.02246093750000000
region_h = 0.07366589327146171
w = 92
h = 127