# Autogenerated by the atlas packer, do not modify

texture = atlas_common_0
region_x = 0.78080510554737359
region_y = 0.90287081339712916
region_w = 0.02258222876779578
region_h = 0.06076555023923445
