# Autogenerated by the atlas packer, do not modify

texture = atlas_common_0
region_x = 0.58276367187500000
region_y = 0.91923076923076918
region_w = 0.02246093750000000
region_h = 0.06105769230769231
