# Autogenerated by the atlas packer, do not modify

texture = atlas_common_0
region_x = 0.46508789062500000
region_y = 0.93920829406220552
region_w = 0.02246093750000000
region_h = 0.05984919886899152
