# Autogenerated by the atlas packer, do not modify

texture = atlas_common_0
region_x = 0.38147605083088953
region_y = 0.86154708520179368
region_w = 0.02223851417399805
region_h = 0.07062780269058296
w = 91
h = 126
padding_top = 1
padding_left = 1