# Autogenerated by the atlas packer, do not modify

texture = atlas_common_0
region_x = 0.28669612174766812
region_y = 0.91866028708133973
region_w = 0.02258222876779578
region_h = 0.06076555023923445
