# Autogenerated by the atlas packer, do not modify

texture = atlas_common_0
region_x = 0.60522460937500000
region_y = 0.92224316682375118
region_w = 0.02246093750000000
region_h = 0.05984919886899152
