# Autogenerated by the atlas packer, do not modify

texture = atlas_common_0
region_x = 0.22091310751104565
region_y = 0.24832535885167464
region_w = 0.02258222876779578
region_h = 0.06076555023923445
