# Autogenerated by the atlas packer, do not modify

texture = atlas_common_0
region_x = 0.33935546875000000
region_y = 0.83004640371229699
region_w = 0.02221679687500000
region_h = 0.07366589327146171
w = 91
h = 127
padding_left = 1