# Autogenerated by the atlas packer, do not modify

texture = atlas_common_0
region_x = 0.60997067448680353
region_y = 0.81670403587443952
region_w = 0.02248289345063539
region_h = 0.07118834080717489
w = 92
h = 127