# Autogenerated by the atlas packer, do not modify

texture = atlas_common_0
region_x = 0.25587084148727984
region_y = 0.89299065420560753
region_w = 0.02250489236790607
region_h = 0.05934579439252336
