# Autogenerated by the atlas packer, do not modify

texture = atlas_common_0
region_x = 0.49926757812500000
region_y = 0.87841658812441092
region_w = 0.02246093750000000
region_h = 0.05984919886899152
