# Autogenerated by the atlas packer, do not modify

texture = atlas_common_0
region_x = 0.48217773437500000
region_y = 0.92067307692307687
region_w = 0.02246093750000000
region_h = 0.06105769230769231
