# Autogenerated by the atlas packer, do not modify

texture = atlas_common_0
region_x = 0.11094819159335288
region_y = 0.86042600896860988
region_w = 0.02223851417399805
region_h = 0.07118834080717489
w = 91
h = 127
padding_left = 1