# Autogenerated by the atlas packer, do not modify

texture = atlas_common_0
region_x = 0.45347985347985348
region_y = 0.88088888888888894
region_w = 0.02246642246642247
region_h = 0.05644444444444444
