# Autogenerated by the atlas packer, do not modify

texture = atlas_common_0
region_x = 0.09597069597069598
region_y = 0.90266666666666662
region_w = 0.02246642246642247
region_h = 0.05644444444444444
