# Autogenerated by the atlas packer, do not modify

texture = atlas_common_0
region_x = 0.16357421875000000
region_y = 0.89037122969837590
region_w = 0.02197265625000000
region_h = 0.05220417633410673
w = 45
h = 45
padding_top = 1
padding_bottom = 1
padding_left = 1
padding_right = 1