# Autogenerated by the atlas packer, do not modify

texture = atlas_common_0
region_x = 0.09033203125000000
region_y = 0.24410933081998115
region_w = 0.02294921875000000
region_h = 0.04429783223374175

# -- Pasted from the override file --

w = 47
h = 47
