# Autogenerated by the atlas packer, do not modify

texture = atlas_common_0
region_x = 0.42130987292277616
region_y = 0.90414798206278024
region_w = 0.02199413489736071
region_h = 0.05044843049327354
w = 45
h = 45
padding_top = 1
padding_bottom = 1
padding_left = 1
padding_right = 1