# Autogenerated by the atlas packer, do not modify

texture = atlas_common_0
region_x = 0.41237113402061853
region_y = 0.95311004784688991
region_w = 0.02307314678448699
region_h = 0.04497607655502393

# -- Pasted from the override file --

w = 47
h = 47
