# Autogenerated by the atlas packer, do not modify

texture = atlas_common_0
region_x = 0.27935420743639922
region_y = 0.95373831775700935
region_w = 0.02299412915851272
region_h = 0.04392523364485981

# -- Pasted from the override file --

w = 47
h = 47
