# Autogenerated by the atlas packer, do not modify

texture = atlas_common_0
region_x = 0.02490842490842491
region_y = 0.95733333333333337
region_w = 0.02295482295482296
region_h = 0.04177777777777777

# -- Pasted from the override file --

w = 47
h = 47
