# Autogenerated by the atlas packer, do not modify

texture = atlas_common_0
region_x = 0.09033203125000000
region_y = 0.24903846153846154
region_w = 0.02294921875000000
region_h = 0.04519230769230769

# -- Pasted from the override file --

w = 47
h = 47
