# Autogenerated by the atlas packer, do not modify

texture = atlas_common_0
region_x = 0.51806640625000000
region_y = 0.27238454288407166
region_w = 0.00976562500000000
region_h = 0.01885014137606032

# -- Pasted from the override file --

w = 20
h = 20
