# Autogenerated by the atlas packer, do not modify

texture = atlas_common_0
region_x = 0.16789396170839468
region_y = 0.55358851674641152
region_w = 0.00981836033382425
region_h = 0.01913875598086124

# -- Pasted from the override file --

w = 20
h = 20
