# Autogenerated by the atlas packer, do not modify

texture = atlas_common_0
region_x = 0.84667968750000000
region_y = 0.57076566125290018
region_w = 0.00976562500000000
region_h = 0.02320185614849188
w = 20
h = 20