# Autogenerated by the atlas packer, do not modify

texture = atlas_common_0
region_x = 0.02637362637362637
region_y = 0.87955555555555553
region_w = 0.00976800976800977
region_h = 0.01777777777777778

# -- Pasted from the override file --

w = 20
h = 20
