# Autogenerated by the atlas packer, do not modify

texture = atlas_common_0
region_x = 0.52397260273972601
region_y = 0.32242990654205606
region_w = 0.00978473581213307
region_h = 0.01869158878504673

# -- Pasted from the override file --

w = 20
h = 20
