# Autogenerated by the atlas packer, do not modify

texture = atlas_common_0
region_x = 0.09628543499511241
region_y = 0.90863228699551568
region_w = 0.00977517106549365
region_h = 0.02242152466367713
w = 20
h = 20