# Autogenerated by the atlas packer, do not modify

texture = atlas_common_0
region_x = 0.18597262952101662
region_y = 0.69226457399103136
region_w = 0.07649071358748778
region_h = 0.03363228699551570
w = 313
h = 60
padding_top = 1
padding_right = 1