# Autogenerated by the atlas packer, do not modify

texture = atlas_common_0
region_x = 0.92161172161172156
region_y = 0.00088888888888889
region_w = 0.07667887667887668
region_h = 0.02711111111111111
