# Autogenerated by the atlas packer, do not modify

texture = atlas_common_0
region_x = 0.00048828125000000
region_y = 0.96009615384615388
region_w = 0.07666015625000000
region_h = 0.02932692307692308
