# Autogenerated by the atlas packer, do not modify

texture = atlas_common_0
region_x = 0.23217773437500000
region_y = 0.69779582366589332
region_w = 0.07641601562500000
region_h = 0.03480278422273782
w = 313
h = 60
padding_top = 1
padding_right = 1