# Autogenerated by the atlas packer, do not modify

texture = atlas_common_0
region_x = 0.08837890625000000
region_y = 0.94674835061262963
region_w = 0.07666015625000000
region_h = 0.02874646559849199
