# Autogenerated by the atlas packer, do not modify

texture = atlas_common_0
region_x = 0.18556701030927836
region_y = 0.43827751196172249
region_w = 0.07707412862052038
region_h = 0.02918660287081340
