# Autogenerated by the atlas packer, do not modify

texture = atlas_common_0
region_x = 0.04011741682974559
region_y = 0.09532710280373832
region_w = 0.07681017612524461
region_h = 0.02850467289719626
