# Autogenerated by the atlas packer, do not modify

texture = atlas_common_ui_0
region_x = 0.00252525252525253
region_y = 0.00352112676056338
region_w = 0.64393939393939392
region_h = 0.30809859154929575
w = 255
h = 87.5
padding_bottom = 0.5
padding_left = 0.5
padding_right = 0.5