# Autogenerated by the atlas packer, do not modify

texture = atlas_common_ui_0
region_x = 0.00240384615384615
region_y = 0.06804733727810651
region_w = 0.61538461538461542
region_h = 0.26035502958579881

# -- Pasted from the override file --

w = 256
h = 88
