# Autogenerated by the atlas packer, do not modify

texture = atlas_common_ui_0
region_x = 0.86363636363636365
region_y = 0.46654929577464788
region_w = 0.05050505050505050
region_h = 0.07042253521126761
w = 20
h = 20