# Autogenerated by the atlas packer, do not modify

texture = atlas_common_0
region_x = 0.61962890625000000
region_y = 0.29076343072573047
region_w = 0.01562500000000000
region_h = 0.03016022620169651

# -- Pasted from the override file --

w = 24
h = 24
