# Autogenerated by the atlas packer, do not modify

texture = atlas_common_0
region_x = 0.73974609375000000
region_y = 0.94431554524361949
region_w = 0.01562500000000000
region_h = 0.03712296983758701
w = 24
h = 24