# Autogenerated by the atlas packer, do not modify

texture = atlas_common_0
region_x = 0.95527859237536661
region_y = 0.94786995515695072
region_w = 0.01564027370478983
region_h = 0.03587443946188341
w = 24
h = 24