# Autogenerated by the atlas packer, do not modify

texture = atlas_common_0
region_x = 0.27935420743639922
region_y = 0.89299065420560753
region_w = 0.01565557729941291
region_h = 0.02990654205607477

# -- Pasted from the override file --

w = 24
h = 24
