# Autogenerated by the atlas packer, do not modify

texture = atlas_common_0
region_x = 0.02012763868433972
region_y = 0.52679425837320570
region_w = 0.01570937653411880
region_h = 0.03062200956937799

# -- Pasted from the override file --

w = 24
h = 24
