# Autogenerated by the atlas packer, do not modify

texture = atlas_common_0
region_x = 0.43359375000000000
region_y = 0.71730769230769231
region_w = 0.01464843750000000
region_h = 0.04182692307692307
