# Autogenerated by the atlas packer, do not modify

texture = atlas_common_0
region_x = 0.10225048923679060
region_y = 0.89065420560747666
region_w = 0.01467710371819961
region_h = 0.04065420560747664
