# Autogenerated by the atlas packer, do not modify

texture = atlas_common_0
region_x = 0.12084960937500000
region_y = 0.53074245939675169
region_w = 0.00952148437500000
region_h = 0.04466357308584687
w = 39
h = 77
padding_top = 6
padding_bottom = 4
padding_left = 10
padding_right = 11