# Autogenerated by the atlas packer, do not modify

texture = atlas_common_0
region_x = 0.07135874877810362
region_y = 0.59473094170403584
region_w = 0.00953079178885631
region_h = 0.04316143497757848
w = 39
h = 77
padding_top = 6
padding_bottom = 4
padding_left = 10
padding_right = 11