# Autogenerated by the atlas packer, do not modify

texture = atlas_common_0
region_x = 0.41674804687500000
region_y = 0.59754948162111221
region_w = 0.01464843750000000
region_h = 0.04099905749293119
