# Autogenerated by the atlas packer, do not modify

texture = atlas_common_0
region_x = 0.14285714285714285
region_y = 0.90266666666666662
region_w = 0.01465201465201465
region_h = 0.03866666666666667
