# Autogenerated by the atlas packer, do not modify

texture = atlas_common_0
region_x = 0.96801757812500000
region_y = 0.69903846153846150
region_w = 0.03125000000000000
region_h = 0.06153846153846154
