# Autogenerated by the atlas packer, do not modify

texture = atlas_common_0
region_x = 0.00049091801669121
region_y = 0.82392344497607650
region_w = 0.03141875306823760
region_h = 0.06124401913875598
