# Autogenerated by the atlas packer, do not modify

texture = atlas_common_0
region_x = 0.41758241758241760
region_y = 0.00088888888888889
region_w = 0.12503052503052503
region_h = 0.22755555555555557

# -- Pasted from the override file --

w = 512
h = 512
