# Autogenerated by the atlas packer, do not modify

texture = atlas_common_0
region_x = 0.02492668621700880
region_y = 0.70067264573991028
region_w = 0.03128054740957967
region_h = 0.07174887892376682
w = 128
h = 128