# Autogenerated by the atlas packer, do not modify

texture = atlas_common_0
region_x = 0.77886497064579252
region_y = 0.86355140186915891
region_w = 0.03131115459882583
region_h = 0.05981308411214954
