# Autogenerated by the atlas packer, do not modify

texture = atlas_common_0
region_x = 0.00048828125000000
region_y = 0.70688030160226201
region_w = 0.03125000000000000
region_h = 0.06032045240339302
