# Autogenerated by the atlas packer, do not modify

texture = atlas_common_0
region_x = 0.12646484375000000
region_y = 0.00116009280742459
region_w = 0.11108398437500000
region_h = 0.27494199535962877
w = 455
h = 474
padding_top = 14
padding_bottom = 24
padding_left = 23
padding_right = 34