# Autogenerated by the atlas packer, do not modify

texture = atlas_common_0
region_x = 0.23875855327468232
region_y = 0.00112107623318386
region_w = 0.10532746823069404
region_h = 0.24327354260089687
w = 431
h = 434
padding_top = 39
padding_bottom = 39
padding_left = 40
padding_right = 41