# Autogenerated by the atlas packer, do not modify

texture = atlas_common_0
region_x = 0.58081054687500000
region_y = 0.69199535962877035
region_w = 0.03125000000000000
region_h = 0.07424593967517401
w = 128
h = 128