# Autogenerated by the atlas packer, do not modify

texture = atlas_common_0
region_x = 0.77191697191697195
region_y = 0.84844444444444445
region_w = 0.03125763125763126
region_h = 0.05688888888888889
