# Autogenerated by the atlas packer, do not modify

texture = atlas_gray16_0
region_x = 0.00097276264591440
region_y = 0.00194552529182879
region_w = 0.49805447470817121
region_h = 0.99610894941634243

# -- Pasted from the override file --

w = 512
h = 512
