# Autogenerated by the atlas packer, do not modify

texture = atlas_common_0
region_x = 0.23852539062500000
region_y = 0.00116009280742459
region_w = 0.10522460937500000
region_h = 0.25174013921113692
w = 431
h = 434
padding_top = 39
padding_bottom = 39
padding_left = 40
padding_right = 41