# Autogenerated by the atlas packer, do not modify

texture = atlas_common_0
region_x = 0.12658846529814272
region_y = 0.00112107623318386
region_w = 0.11119257086999022
region_h = 0.26569506726457398
w = 455
h = 474
padding_top = 14
padding_bottom = 24
padding_left = 23
padding_right = 34