# Autogenerated by the atlas packer, do not modify

texture = atlas_common_0
region_x = 0.11425781250000000
region_y = 0.24903846153846154
region_w = 0.01000976562500000
region_h = 0.03413461538461538
