# Autogenerated by the atlas packer, do not modify

texture = atlas_common_0
region_x = 0.76712328767123283
region_y = 0.88364485981308416
region_w = 0.01002935420743640
region_h = 0.03317757009345795
