# Autogenerated by the atlas packer, do not modify

texture = atlas_common_0
region_x = 0.78988708885616099
region_y = 0.76794258373205737
region_w = 0.01006381934216986
region_h = 0.03397129186602871
