# Autogenerated by the atlas packer, do not modify

texture = atlas_common_0
region_x = 0.47534179687500000
region_y = 0.78306264501160094
region_w = 0.01000976562500000
region_h = 0.03886310904872390
w = 41
h = 67
padding_top = 3
padding_bottom = 1