# Autogenerated by the atlas packer, do not modify

texture = atlas_common_0
region_x = 0.86168132942326492
region_y = 0.42488789237668162
region_w = 0.01001955034213099
region_h = 0.03755605381165919
w = 41
h = 67
padding_top = 3
padding_bottom = 1