# Autogenerated by the atlas packer, do not modify

texture = atlas_common_0
region_x = 0.78974358974358971
region_y = 0.55644444444444441
region_w = 0.01001221001221001
region_h = 0.03155555555555556
