# Autogenerated by the atlas packer, do not modify

texture = atlas_common_0
region_x = 0.00048840048840049
region_y = 0.78222222222222226
region_w = 0.03980463980463980
region_h = 0.07244444444444445
