# Autogenerated by the atlas packer, do not modify

texture = atlas_common_0
region_x = 0.90527343750000000
region_y = 0.61368909512761016
region_w = 0.03564453125000000
region_h = 0.08700696055684455
w = 146
h = 150
padding_top = 6
padding_bottom = 7
padding_left = 9
padding_right = 8