# Autogenerated by the atlas packer, do not modify

texture = atlas_common_0
region_x = 0.02954101562500000
region_y = 0.55858468677494200
region_w = 0.03564453125000000
region_h = 0.08816705336426914
w = 146
h = 152
padding_top = 6
padding_bottom = 5
padding_left = 8
padding_right = 9