# Autogenerated by the atlas packer, do not modify

texture = atlas_common_0
region_x = 0.13378906250000000
region_y = 0.50754060324825989
region_w = 0.03759765625000000
region_h = 0.08642691415313225
w = 154
h = 149
padding_top = 6
padding_bottom = 8
padding_left = 2
padding_right = 7