# Autogenerated by the atlas packer, do not modify

texture = atlas_common_0
region_x = 0.83105468750000000
region_y = 0.60788863109048719
region_w = 0.03735351562500000
region_h = 0.08352668213457076
w = 153
h = 144
padding_top = 7
padding_bottom = 12
padding_left = 4
padding_right = 6