# Autogenerated by the atlas packer, do not modify

texture = atlas_common_0
region_x = 0.31372070312500000
region_y = 0.61832946635730857
region_w = 0.03735351562500000
region_h = 0.08236658932714618
w = 153
h = 142
padding_top = 8
padding_bottom = 13
padding_left = 3
padding_right = 7