# Autogenerated by the atlas packer, do not modify

texture = atlas_common_0
region_x = 0.06616210937500000
region_y = 0.61890951276102091
region_w = 0.03588867187500000
region_h = 0.08526682134570766
w = 147
h = 147
padding_top = 6
padding_bottom = 10
padding_left = 9
padding_right = 7