# Autogenerated by the atlas packer, do not modify

texture = atlas_common_0
region_x = 0.95161290322580649
region_y = 0.52186098654708524
region_w = 0.03763440860215054
region_h = 0.08239910313901345
w = 154
h = 147
padding_top = 8
padding_bottom = 8
padding_left = 7
padding_right = 2