# Autogenerated by the atlas packer, do not modify

texture = atlas_common_0
region_x = 0.65673828125000000
region_y = 0.61426914153132250
region_w = 0.03491210937500000
region_h = 0.08816705336426914
w = 143
h = 152
padding_top = 9
padding_bottom = 2
padding_left = 9
padding_right = 11