# Autogenerated by the atlas packer, do not modify

texture = atlas_common_0
region_x = 0.22729504172803142
region_y = 0.64306220095693778
region_w = 0.04000981836033382
region_h = 0.07799043062200957
