# Autogenerated by the atlas packer, do not modify

texture = atlas_common_0
region_x = 0.46324786324786327
region_y = 0.73244444444444445
region_w = 0.03980463980463980
region_h = 0.07244444444444445
