# Autogenerated by the atlas packer, do not modify

texture = atlas_common_0
region_x = 0.17236328125000000
region_y = 0.52494199535962882
region_w = 0.03637695312500000
region_h = 0.08700696055684455
w = 149
h = 150
padding_top = 7
padding_bottom = 6
padding_left = 8
padding_right = 6