# Autogenerated by the atlas packer, do not modify

texture = atlas_common_0
region_x = 0.15151515151515152
region_y = 0.51961883408071752
region_w = 0.03641251221896383
region_h = 0.08576233183856502
w = 149
h = 153
padding_top = 7
padding_bottom = 3
padding_left = 6
padding_right = 8