# Autogenerated by the atlas packer, do not modify

texture = atlas_common_0
region_x = 0.24644084437898872
region_y = 0.72679425837320577
region_w = 0.04000981836033382
region_h = 0.07799043062200957
