# Autogenerated by the atlas packer, do not modify

texture = atlas_common_0
region_x = 0.04148257241040746
region_y = 0.66459330143540674
region_w = 0.04000981836033382
region_h = 0.07799043062200957
