# Autogenerated by the atlas packer, do not modify

texture = atlas_common_0
region_x = 0.22727272727272727
region_y = 0.60426008968609868
region_w = 0.03543499511241447
region_h = 0.08576233183856502
w = 145
h = 153
padding_top = 8
padding_bottom = 2
padding_left = 8
padding_right = 10