# Autogenerated by the atlas packer, do not modify

texture = atlas_common_0
region_x = 0.08203125000000000
region_y = 0.40384615384615385
region_w = 0.03979492187500000
region_h = 0.07836538461538461
