# Autogenerated by the atlas packer, do not modify

texture = atlas_common_0
region_x = 0.15722656250000000
region_y = 0.61426914153132250
region_w = 0.03735351562500000
region_h = 0.08294663573085846
w = 153
h = 143
padding_top = 11
padding_bottom = 9
padding_left = 9
padding_right = 1