# Autogenerated by the atlas packer, do not modify

texture = atlas_common_0
region_x = 0.03152492668621701
region_y = 0.61210762331838564
region_w = 0.03494623655913978
region_h = 0.08632286995515695
w = 143
h = 154
padding_top = 6
padding_bottom = 3
padding_left = 8
padding_right = 12