# Autogenerated by the atlas packer, do not modify

texture = atlas_common_0
region_x = 0.35205078125000000
region_y = 0.63457076566125292
region_w = 0.03710937500000000
region_h = 0.08178654292343387
w = 152
h = 141
padding_top = 12
padding_bottom = 10
padding_left = 8
padding_right = 3