# Autogenerated by the atlas packer, do not modify

texture = atlas_common_0
region_x = 0.85997067448680353
region_y = 0.61098654708520184
region_w = 0.03739002932551320
region_h = 0.08071748878923767
w = 153
h = 144
padding_top = 7
padding_bottom = 12
padding_left = 4
padding_right = 6