# Autogenerated by the atlas packer, do not modify

texture = atlas_common_0
region_x = 0.27001953125000000
region_y = 0.37644230769230769
region_w = 0.03979492187500000
region_h = 0.07836538461538461
