# Autogenerated by the atlas packer, do not modify

texture = atlas_common_0
region_x = 0.54077148437500000
region_y = 0.14759615384615385
region_w = 0.02294921875000000
region_h = 0.04519230769230769

# -- Pasted from the override file --

w = 94
h = 94
