# Autogenerated by the atlas packer, do not modify

texture = atlas_common_0
region_x = 0.50512695312500000
region_y = 0.57424593967517401
region_w = 0.03710937500000000
region_h = 0.08468677494199536
w = 152
h = 146
padding_top = 9
padding_bottom = 8
padding_left = 6
padding_right = 5