# Autogenerated by the atlas packer, do not modify

texture = atlas_common_0
region_x = 0.10581622678396872
region_y = 0.68609865470852016
region_w = 0.03421309872922776
region_h = 0.07735426008968610
w = 140
h = 138
padding_top = 14
padding_bottom = 11
padding_left = 13
padding_right = 10