# Autogenerated by the atlas packer, do not modify

texture = atlas_common_0
region_x = 0.89833822091886606
region_y = 0.62948430493273544
region_w = 0.03739002932551320
region_h = 0.08015695067264574
w = 153
h = 143
padding_top = 11
padding_bottom = 9
padding_left = 9
padding_right = 1