# Autogenerated by the atlas packer, do not modify

texture = atlas_common_0
region_x = 0.08247422680412371
region_y = 0.75215311004784691
region_w = 0.04000981836033382
region_h = 0.07799043062200957
