# Autogenerated by the atlas packer, do not modify

texture = atlas_common_0
region_x = 0.66552734375000000
region_y = 0.33269230769230768
region_w = 0.03979492187500000
region_h = 0.07836538461538461
