# Autogenerated by the atlas packer, do not modify

texture = atlas_common_0
region_x = 0.18890518084066471
region_y = 0.60426008968609868
region_w = 0.03739002932551320
region_h = 0.08127802690582960
w = 153
h = 145
padding_top = 8
padding_bottom = 10
padding_left = 2
padding_right = 8