# Autogenerated by the atlas packer, do not modify

texture = atlas_common_0
region_x = 0.64575195312500000
region_y = 0.52378190255220414
region_w = 0.03613281250000000
region_h = 0.08816705336426914
w = 148
h = 152
padding_top = 4
padding_bottom = 7
padding_left = 9
padding_right = 6