# Autogenerated by the atlas packer, do not modify

texture = atlas_common_0
region_x = 0.39271749755620722
region_y = 0.59865470852017932
region_w = 0.03714565004887586
region_h = 0.08183856502242152
w = 152
h = 146
padding_top = 8
padding_bottom = 9
padding_left = 5
padding_right = 6