# Autogenerated by the atlas packer, do not modify

texture = atlas_common_0
region_x = 0.35791015625000000
region_y = 0.35096153846153844
region_w = 0.03979492187500000
region_h = 0.07836538461538461
