# Autogenerated by the atlas packer, do not modify

texture = atlas_common_0
region_x = 0.95161290322580649
region_y = 0.60650224215246640
region_w = 0.03690127077223852
region_h = 0.08183856502242152
w = 151
h = 146
padding_top = 8
padding_bottom = 9
padding_left = 5
padding_right = 7