# Autogenerated by the atlas packer, do not modify

texture = atlas_common_0
region_x = 0.01149706457925636
region_y = 0.67757009345794394
region_w = 0.02299412915851272
region_h = 0.04392523364485981

# -- Pasted from the override file --

w = 94
h = 94
