# Autogenerated by the atlas packer, do not modify

texture = atlas_common_0
region_x = 0.04884634266077565
region_y = 0.49808612440191385
region_w = 0.02307314678448699
region_h = 0.04497607655502393

# -- Pasted from the override file --

w = 94
h = 94
