# Autogenerated by the atlas packer, do not modify

texture = atlas_common_0
region_x = 0.06744868035190615
region_y = 0.64125560538116588
region_w = 0.03739002932551320
region_h = 0.07959641255605381
w = 153
h = 142
padding_top = 8
padding_bottom = 13
padding_left = 3
padding_right = 7