# Autogenerated by the atlas packer, do not modify

texture = atlas_common_0
region_x = 0.73631476050830891
region_y = 0.61715246636771304
region_w = 0.03519061583577713
region_h = 0.08520179372197309
w = 144
h = 152
padding_top = 7
padding_bottom = 4
padding_left = 7
padding_right = 12