# Autogenerated by the atlas packer, do not modify

texture = atlas_common_0
region_x = 0.94189453125000000
region_y = 0.61368909512761016
region_w = 0.03515625000000000
region_h = 0.08816705336426914
w = 144
h = 152
padding_top = 7
padding_bottom = 4
padding_left = 7
padding_right = 12