# Autogenerated by the atlas packer, do not modify

texture = atlas_common_0
region_x = 0.66251221896383183
region_y = 0.53699551569506732
region_w = 0.03616813294232649
region_h = 0.08520179372197309
w = 148
h = 152
padding_top = 4
padding_bottom = 7
padding_left = 9
padding_right = 6