# Autogenerated by the atlas packer, do not modify

texture = atlas_common_0
region_x = 0.11290322580645161
region_y = 0.59865470852017932
region_w = 0.03567937438905181
region_h = 0.08520179372197309
w = 146
h = 152
padding_top = 5
padding_bottom = 6
padding_left = 9
padding_right = 8