# Autogenerated by the atlas packer, do not modify

texture = atlas_common_0
region_x = 0.31079101562500000
region_y = 0.37740384615384615
region_w = 0.03979492187500000
region_h = 0.07836538461538461
