# Autogenerated by the atlas packer, do not modify

texture = atlas_common_0
region_x = 0.93090820312500000
region_y = 0.52726218097447797
region_w = 0.03759765625000000
region_h = 0.08410672853828306
w = 154
h = 145
padding_top = 11
padding_bottom = 7
padding_left = 6
padding_right = 3