# Autogenerated by the atlas packer, do not modify

texture = atlas_common_0
region_x = 0.58129882812500000
region_y = 0.60498839907192581
region_w = 0.03686523437500000
region_h = 0.08468677494199536
w = 151
h = 146
padding_top = 8
padding_bottom = 9
padding_left = 5
padding_right = 7