# Autogenerated by the atlas packer, do not modify

texture = atlas_common_0
region_x = 0.82338551859099807
region_y = 0.78551401869158877
region_w = 0.03987279843444227
region_h = 0.07616822429906542
