# Autogenerated by the atlas packer, do not modify

texture = atlas_common_0
region_x = 0.70793650793650797
region_y = 0.76133333333333331
region_w = 0.03980463980463980
region_h = 0.07244444444444445
