# Autogenerated by the atlas packer, do not modify

texture = atlas_common_0
region_x = 0.53372434017595305
region_y = 0.59024663677130040
region_w = 0.03714565004887586
region_h = 0.08183856502242152
w = 152
h = 146
padding_top = 9
padding_bottom = 8
padding_left = 6
padding_right = 5