# Autogenerated by the atlas packer, do not modify

texture = atlas_common_0
region_x = 0.27321603128054739
region_y = 0.56558295964125560
region_w = 0.03641251221896383
region_h = 0.08408071748878924
w = 149
h = 150
padding_top = 7
padding_bottom = 6
padding_left = 8
padding_right = 6