# Autogenerated by the atlas packer, do not modify

texture = atlas_common_0
region_x = 0.56671554252199419
region_y = 0.71580717488789236
region_w = 0.02908113391984360
region_h = 0.07006726457399103
w = 59.5
h = 62.5
padding_top = 0.5
padding_bottom = 1
padding_left = 2
padding_right = 2.5