# Autogenerated by the atlas packer, do not modify

texture = atlas_common_0
region_x = 0.34726295210166180
region_y = 0.60145739910313900
region_w = 0.03543499511241447
region_h = 0.08576233183856502
w = 145
h = 153
padding_top = 2
padding_bottom = 8
padding_left = 10
padding_right = 8