# Autogenerated by the atlas packer, do not modify

texture = atlas_common_0
region_x = 0.27734375000000000
region_y = 0.60730858468677495
region_w = 0.03540039062500000
region_h = 0.08816705336426914
w = 145
h = 152
padding_top = 4
padding_bottom = 7
padding_left = 11
padding_right = 7