# Autogenerated by the atlas packer, do not modify

texture = atlas_common_0
region_x = 0.86938476562500000
region_y = 0.60788863109048719
region_w = 0.03491210937500000
region_h = 0.08932714617169374
w = 143
h = 154
padding_top = 6
padding_bottom = 3
padding_left = 8
padding_right = 12