# Autogenerated by the atlas packer, do not modify

texture = atlas_common_0
region_x = 0.13331702544031312
region_y = 0.74112149532710281
region_w = 0.03987279843444227
region_h = 0.07616822429906542
