# Autogenerated by the atlas packer, do not modify

texture = atlas_common_0
region_x = 0.12084960937500000
region_y = 0.59628770301624134
region_w = 0.03540039062500000
region_h = 0.08874709976798144
w = 145
h = 153
padding_top = 2
padding_bottom = 8
padding_left = 10
padding_right = 8