# Autogenerated by the atlas packer, do not modify

texture = atlas_common_0
region_x = 0.79443359375000000
region_y = 0.57714617169373550
region_w = 0.03564453125000000
region_h = 0.08816705336426914
w = 146
h = 152
padding_top = 5
padding_bottom = 6
padding_left = 9
padding_right = 8