# Autogenerated by the atlas packer, do not modify

texture = atlas_common_0
region_x = 0.11290322580645161
region_y = 0.51289237668161436
region_w = 0.03763440860215054
region_h = 0.08352017937219731
w = 154
h = 149
padding_top = 6
padding_bottom = 8
padding_left = 2
padding_right = 7