# Autogenerated by the atlas packer, do not modify

texture = atlas_common_0
region_x = 0.94960861056751467
region_y = 0.70747663551401874
region_w = 0.03987279843444227
region_h = 0.07616822429906542
