# Autogenerated by the atlas packer, do not modify

texture = atlas_common_0
region_x = 0.46138807429130008
region_y = 0.66535874439461884
region_w = 0.03567937438905181
region_h = 0.08127802690582960
w = 146
h = 145
padding_top = 10
padding_bottom = 8
padding_left = 11
padding_right = 6