# Autogenerated by the atlas packer, do not modify

texture = atlas_common_0
region_x = 0.50512695312500000
region_y = 0.49883990719257543
region_w = 0.02905273437500000
region_h = 0.07250580046403712
w = 59.5
h = 62.5
padding_top = 0.5
padding_bottom = 1
padding_left = 2
padding_right = 2.5