# Autogenerated by the atlas packer, do not modify

texture = atlas_common_0
region_x = 0.19555664062500000
region_y = 0.62587006960556846
region_w = 0.03564453125000000
region_h = 0.08526682134570766
w = 146
h = 147
padding_top = 7
padding_bottom = 9
padding_left = 7
padding_right = 10