# Autogenerated by the atlas packer, do not modify

texture = atlas_common_0
region_x = 0.54321289062500000
region_y = 0.59048723897911837
region_w = 0.03710937500000000
region_h = 0.08468677494199536
w = 152
h = 146
padding_top = 8
padding_bottom = 9
padding_left = 5
padding_right = 6