# Autogenerated by the atlas packer, do not modify

texture = atlas_common_0
region_x = 0.24096679687500000
region_y = 0.60208816705336432
region_w = 0.03540039062500000
region_h = 0.08874709976798144
w = 145
h = 153
padding_top = 8
padding_bottom = 2
padding_left = 8
padding_right = 10