# Autogenerated by the atlas packer, do not modify

texture = atlas_common_0
region_x = 0.31060606060606061
region_y = 0.58800448430493268
region_w = 0.03567937438905181
region_h = 0.08520179372197309
w = 146
h = 152
padding_top = 6
padding_bottom = 5
padding_left = 8
padding_right = 9