# Autogenerated by the atlas packer, do not modify

texture = atlas_common_0
region_x = 0.76564027370478982
region_y = 0.10706278026905830
region_w = 0.03421309872922776
region_h = 0.08183856502242152
w = 140
h = 146
padding_top = 6
padding_bottom = 11
padding_left = 13
padding_right = 10