# Autogenerated by the atlas packer, do not modify

texture = atlas_common_0
region_x = 0.72631835937500000
region_y = 0.61658932714617165
region_w = 0.03466796875000000
region_h = 0.08874709976798144
w = 142
h = 153
padding_top = 3
padding_bottom = 7
padding_left = 12
padding_right = 9