# Autogenerated by the atlas packer, do not modify

texture = atlas_common_0
region_x = 0.31079101562500000
region_y = 0.36993402450518381
region_w = 0.03979492187500000
region_h = 0.07681432610744580
