# Autogenerated by the atlas packer, do not modify

texture = atlas_common_0
region_x = 0.08325195312500000
region_y = 0.53074245939675169
region_w = 0.03662109375000000
region_h = 0.08584686774941995
w = 150
h = 148
padding_top = 9
padding_bottom = 6
padding_left = 7
padding_right = 6