# Autogenerated by the atlas packer, do not modify

texture = atlas_common_0
region_x = 0.80913978494623651
region_y = 0.65863228699551568
region_w = 0.03714565004887586
region_h = 0.07903587443946189
w = 152
h = 141
padding_top = 12
padding_bottom = 10
padding_left = 8
padding_right = 3