# Autogenerated by the atlas packer, do not modify

texture = atlas_common_0
region_x = 0.27954101562500000
region_y = 0.51972157772621808
region_w = 0.03759765625000000
region_h = 0.08526682134570766
w = 154
h = 147
padding_top = 8
padding_bottom = 8
padding_left = 7
padding_right = 2