# Autogenerated by the atlas packer, do not modify

texture = atlas_common_0
region_x = 0.14956011730205279
region_y = 0.60762331838565020
region_w = 0.03543499511241447
region_h = 0.08520179372197309
w = 145
h = 152
padding_top = 4
padding_bottom = 7
padding_left = 11
padding_right = 7