# Autogenerated by the atlas packer, do not modify

texture = atlas_common_0
region_x = 0.52479135984290626
region_y = 0.71291866028708128
region_w = 0.04000981836033382
region_h = 0.07799043062200957
