# Autogenerated by the atlas packer, do not modify

texture = atlas_common_0
region_x = 0.52099609375000000
region_y = 0.41442307692307695
region_w = 0.03979492187500000
region_h = 0.07836538461538461
