# Autogenerated by the atlas packer, do not modify

texture = atlas_common_0
region_x = 0.77248289345063537
region_y = 0.65863228699551568
region_w = 0.03567937438905181
region_h = 0.08239910313901345
w = 146
h = 147
padding_top = 7
padding_bottom = 9
padding_left = 7
padding_right = 10