# Autogenerated by the atlas packer, do not modify

texture = atlas_common_0
region_x = 0.12280273437500000
region_y = 0.39585296889726673
region_w = 0.03979492187500000
region_h = 0.07681432610744580
