# Autogenerated by the atlas packer, do not modify

texture = atlas_common_0
region_x = 0.61914062500000000
region_y = 0.61426914153132250
region_w = 0.03662109375000000
region_h = 0.08410672853828306
w = 150
h = 145
padding_top = 9
padding_bottom = 9
padding_left = 7
padding_right = 6