# Autogenerated by the atlas packer, do not modify

texture = atlas_common_0
region_x = 0.66251221896383183
region_y = 0.62443946188340804
region_w = 0.03494623655913978
region_h = 0.08520179372197309
w = 143
h = 152
padding_top = 9
padding_bottom = 2
padding_left = 9
padding_right = 11