# Autogenerated by the atlas packer, do not modify

texture = atlas_common_0
region_x = 0.69965786901270777
region_y = 0.61547085201793716
region_w = 0.03567937438905181
region_h = 0.08408071748878924
w = 146
h = 150
padding_top = 6
padding_bottom = 7
padding_left = 9
padding_right = 8