# Autogenerated by the atlas packer, do not modify

texture = atlas_common_0
region_x = 0.40410958904109590
region_y = 0.75140186915887852
region_w = 0.03987279843444227
region_h = 0.07616822429906542
