# Autogenerated by the atlas packer, do not modify

texture = atlas_common_0
region_x = 0.90451644575355916
region_y = 0.69473684210526321
region_w = 0.04000981836033382
region_h = 0.07799043062200957
