# Autogenerated by the atlas packer, do not modify

texture = atlas_common_0
region_x = 0.44970703125000000
region_y = 0.59686774941995357
region_w = 0.03735351562500000
region_h = 0.08410672853828306
w = 153
h = 145
padding_top = 8
padding_bottom = 10
padding_left = 2
padding_right = 8