# Autogenerated by the atlas packer, do not modify

texture = atlas_common_0
region_x = 0.26368523949169109
region_y = 0.65190582959641252
region_w = 0.03592375366568915
region_h = 0.08239910313901345
w = 147
h = 147
padding_top = 6
padding_bottom = 10
padding_left = 9
padding_right = 7