# Autogenerated by the atlas packer, do not modify

texture = atlas_common_0
region_x = 0.78784179687500000
region_y = 0.41298076923076921
region_w = 0.03979492187500000
region_h = 0.07836538461538461
