# Autogenerated by the atlas packer, do not modify

texture = atlas_common_0
region_x = 0.76489257812500000
region_y = 0.11078886310904873
region_w = 0.03417968750000000
region_h = 0.08468677494199536
w = 140
h = 146
padding_top = 6
padding_bottom = 11
padding_left = 13
padding_right = 10