# Autogenerated by the atlas packer, do not modify

texture = atlas_common_0
region_x = 0.39013671875000000
region_y = 0.63457076566125292
region_w = 0.03564453125000000
region_h = 0.08410672853828306
w = 146
h = 145
padding_top = 10
padding_bottom = 8
padding_left = 11
padding_right = 6