# Autogenerated by the atlas packer, do not modify

texture = atlas_common_0
region_x = 0.63868433971526750
region_y = 0.67655502392344502
region_w = 0.04000981836033382
region_h = 0.07799043062200957
