# Autogenerated by the atlas packer, do not modify

texture = atlas_common_0
region_x = 0.49657534246575341
region_y = 0.69065420560747659
region_w = 0.03987279843444227
region_h = 0.07616822429906542
