# Autogenerated by the atlas packer, do not modify

texture = atlas_common_0
region_x = 0.83028083028083033
region_y = 0.77422222222222226
region_w = 0.03980463980463980
region_h = 0.07244444444444445
