# Autogenerated by the atlas packer, do not modify

texture = atlas_common_0
region_x = 0.53326810176125250
region_y = 0.76869158878504673
region_w = 0.03987279843444227
region_h = 0.07616822429906542
