# Autogenerated by the atlas packer, do not modify

texture = atlas_common_0
region_x = 0.49804496578690127
region_y = 0.67432735426008972
region_w = 0.03641251221896383
region_h = 0.07903587443946189
w = 149
h = 141
padding_top = 10
padding_bottom = 12
padding_left = 4
padding_right = 10