# Autogenerated by the atlas packer, do not modify

texture = atlas_common_0
region_x = 0.79252199413489732
region_y = 0.57511210762331844
region_w = 0.03763440860215054
region_h = 0.08127802690582960
w = 154
h = 145
padding_top = 11
padding_bottom = 7
padding_left = 6
padding_right = 3