# Autogenerated by the atlas packer, do not modify

texture = atlas_common_0
region_x = 0.60948191593352885
region_y = 0.63228699551569512
region_w = 0.03470185728250244
region_h = 0.08576233183856502
w = 142
h = 153
padding_top = 3
padding_bottom = 7
padding_left = 12
padding_right = 9