# Autogenerated by the atlas packer, do not modify

texture = atlas_common_0
region_x = 0.60839843750000000
region_y = 0.51392111368909510
region_w = 0.03637695312500000
region_h = 0.08874709976798144
w = 149
h = 153
padding_top = 7
padding_bottom = 3
padding_left = 6
padding_right = 8