# Autogenerated by the atlas packer, do not modify

texture = atlas_common_0
region_x = 0.46187683284457476
region_y = 0.58015695067264572
region_w = 0.03665689149560118
region_h = 0.08295964125560538
w = 150
h = 148
padding_top = 9
padding_bottom = 6
padding_left = 7
padding_right = 6