# Autogenerated by the atlas packer, do not modify

texture = atlas_common_0
region_x = 0.00048828125000000
region_y = 0.64907192575406036
region_w = 0.03637695312500000
region_h = 0.08178654292343387
w = 149
h = 141
padding_top = 10
padding_bottom = 12
padding_left = 4
padding_right = 10