# Autogenerated by the atlas packer, do not modify

texture = atlas_common_0
region_x = 0.76165930289641626
region_y = 0.68803827751196167
region_w = 0.04000981836033382
region_h = 0.07799043062200957
