# Autogenerated by the atlas packer, do not modify

texture = atlas_common_0
region_x = 0.70083170254403127
region_y = 0.74205607476635516
region_w = 0.03987279843444227
region_h = 0.07616822429906542
