# Autogenerated by the atlas packer, do not modify

texture = atlas_common_0
region_x = 0.51928710937500000
region_y = 0.67749419953596290
region_w = 0.03417968750000000
region_h = 0.08004640371229699
w = 140
h = 138
padding_top = 14
padding_bottom = 11
padding_left = 13
padding_right = 10