# Autogenerated by the atlas packer, do not modify

texture = atlas_common_0
region_x = 0.64086914062500000
region_y = 0.11078886310904873
region_w = 0.06250000000000000
region_h = 0.14849187935034802
w = 128
h = 128