# Autogenerated by the atlas packer, do not modify

texture = atlas_common_0
region_x = 0.45360824742268041
region_y = 0.21818181818181817
region_w = 0.06283750613647521
region_h = 0.12248803827751197

# -- Pasted from the override file --

w = 128
h = 128
