# Autogenerated by the atlas packer, do not modify

texture = atlas_common_0
region_x = 0.64149560117302051
region_y = 0.10706278026905830
region_w = 0.06256109481915934
region_h = 0.14349775784753363
w = 128
h = 128