# Autogenerated by the atlas packer, do not modify

texture = atlas_common_0
region_x = 0.17875457875457876
region_y = 0.27377777777777779
region_w = 0.06251526251526252
region_h = 0.11377777777777778

# -- Pasted from the override file --

w = 128
h = 128
