# Autogenerated by the atlas packer, do not modify

texture = atlas_common_0
region_x = 0.54452054794520544
region_y = 0.22149532710280373
region_w = 0.06262230919765166
region_h = 0.11962616822429907

# -- Pasted from the override file --

w = 128
h = 128
