# Autogenerated by the atlas packer, do not modify

texture = atlas_common_0
region_x = 0.12854349951124144
region_y = 0.93385650224215244
region_w = 0.00342130987292278
region_h = 0.00784753363228700
w = 14
h = 14
padding_top = 1
padding_bottom = 1
padding_left = 1
padding_right = 1