# Autogenerated by the atlas packer, do not modify

texture = atlas_common_0
region_x = 0.63427734375000000
region_y = 0.24767981438515080
region_w = 0.00341796875000000
region_h = 0.00812064965197216
w = 14
h = 14
padding_top = 1
padding_bottom = 1
padding_left = 1
padding_right = 1