# Autogenerated by the atlas packer, do not modify

texture = atlas_common_0
region_x = 0.28203240058910162
region_y = 0.80669856459330147
region_w = 0.00392734413352970
region_h = 0.00765550239234450
