# Autogenerated by the atlas packer, do not modify

texture = atlas_common_0
region_x = 0.50538160469667315
region_y = 0.40841121495327104
region_w = 0.01565557729941291
region_h = 0.02990654205607477

# -- Pasted from the override file --

w = 32
h = 32
