# Autogenerated by the atlas packer, do not modify

texture = atlas_common_0
region_x = 0.63538611925708699
region_y = 0.94562780269058300
region_w = 0.01564027370478983
region_h = 0.03587443946188341
w = 32
h = 32