# Autogenerated by the atlas packer, do not modify

texture = atlas_common_0
region_x = 0.84364261168384880
region_y = 0.72535885167464120
region_w = 0.01570937653411880
region_h = 0.03062200956937799

# -- Pasted from the override file --

w = 32
h = 32
