# Autogenerated by the atlas packer, do not modify

texture = atlas_common_0
region_x = 0.62060546875000000
region_y = 0.29423076923076924
region_w = 0.01562500000000000
region_h = 0.03076923076923077

# -- Pasted from the override file --

w = 32
h = 32
