# Autogenerated by the atlas packer, do not modify

texture = atlas_common_0
region_x = 0.97753906250000000
region_y = 0.19368520263901978
region_w = 0.01562500000000000
region_h = 0.03016022620169651

# -- Pasted from the override file --

w = 32
h = 32
