# Autogenerated by the atlas packer, do not modify

texture = atlas_common_0
region_x = 0.00048840048840049
region_y = 0.38977777777777778
region_w = 0.01562881562881563
region_h = 0.02844444444444445

# -- Pasted from the override file --

w = 32
h = 32
