# Autogenerated by the atlas packer, do not modify

texture = atlas_common_0
region_x = 0.62402343750000000
region_y = 0.77668213457076563
region_w = 0.01562500000000000
region_h = 0.03712296983758701
w = 32
h = 32