# Autogenerated by the atlas packer, do not modify

texture = atlas_common_0
region_x = 0.68286132812500000
region_y = 0.58352668213457082
region_w = 0.01025390625000000
region_h = 0.02436194895591647
w = 42
h = 42
padding_top = 3
padding_bottom = 3
padding_left = 3
padding_right = 3