# Autogenerated by the atlas packer, do not modify

texture = atlas_common_0
region_x = 0.31964809384164222
region_y = 0.77130044843049328
region_w = 0.00635386119257087
region_h = 0.01177130044843049
w = 26
h = 21
padding_top = 10
padding_bottom = 29
padding_left = 23
padding_right = 11