# Autogenerated by the atlas packer, do not modify

texture = atlas_common_0
region_x = 0.10703812316715543
region_y = 0.90863228699551568
region_w = 0.00293255131964809
region_h = 0.01289237668161435
w = 12
h = 23
padding_top = 7
padding_bottom = 30
padding_left = 13
padding_right = 35