# Autogenerated by the atlas packer, do not modify

texture = atlas_common_0
region_x = 0.23022460937500000
region_y = 0.50000000000000000
region_w = 0.01171875000000000
region_h = 0.02262016965127239
