# Autogenerated by the atlas packer, do not modify

texture = atlas_common_0
region_x = 0.63427734375000000
region_y = 0.22041763341067286
region_w = 0.00292968750000000
region_h = 0.01334106728538283
w = 12
h = 23
padding_top = 7
padding_bottom = 30
padding_left = 13
padding_right = 35