# Autogenerated by the atlas packer, do not modify

texture = atlas_common_0
region_x = 0.56298828125000000
region_y = 0.30673076923076925
region_w = 0.01171875000000000
region_h = 0.02307692307692308
