# Autogenerated by the atlas packer, do not modify

texture = atlas_common_0
region_x = 0.48748159057437407
region_y = 0.48995215311004786
region_w = 0.01178203240058910
region_h = 0.02296650717703349
