# Autogenerated by the atlas packer, do not modify

texture = atlas_common_0
region_x = 0.33699633699633702
region_y = 0.61422222222222222
region_w = 0.01172161172161172
region_h = 0.02133333333333333
