# Autogenerated by the atlas packer, do not modify

texture = atlas_common_0
region_x = 0.76831054687500000
region_y = 0.73076923076923073
region_w = 0.01464843750000000
region_h = 0.02884615384615385
