# Autogenerated by the atlas packer, do not modify

texture = atlas_common_0
region_x = 0.62297496318114876
region_y = 0.72440191387559805
region_w = 0.01472754050073638
region_h = 0.02870813397129187
