# Autogenerated by the atlas packer, do not modify

texture = atlas_common_0
region_x = 0.70793650793650797
region_y = 0.73244444444444445
region_w = 0.01465201465201465
region_h = 0.02666666666666667
