# Autogenerated by the atlas packer, do not modify

texture = atlas_common_0
region_x = 0.24070450097847357
region_y = 0.67663551401869160
region_w = 0.01467710371819961
region_h = 0.02803738317757009
