# Autogenerated by the atlas packer, do not modify

texture = atlas_common_0
region_x = 0.58593750000000000
region_y = 0.49481621112158342
region_w = 0.01464843750000000
region_h = 0.02827521206409048
