# Autogenerated by the atlas packer, do not modify

texture = atlas_common_0
region_x = 0.50171821305841924
region_y = 0.38612440191387559
region_w = 0.01472754050073638
region_h = 0.02870813397129187
