# Autogenerated by the atlas packer, do not modify

texture = atlas_common_0
region_x = 0.75293542074363995
region_y = 0.32336448598130840
region_w = 0.01174168297455969
region_h = 0.02242990654205607
