# Autogenerated by the atlas packer, do not modify

texture = atlas_common_0
region_x = 0.64575195312500000
region_y = 0.50928074245939681
region_w = 0.00634765625000000
region_h = 0.01218097447795824
w = 26
h = 21
padding_top = 10
padding_bottom = 29
padding_left = 23
padding_right = 11