# Autogenerated by the atlas packer, do not modify

texture = atlas_common_0
region_x = 0.28641251221896386
region_y = 0.73654708520179368
region_w = 0.01026392961876833
region_h = 0.02354260089686099
w = 42
h = 42
padding_top = 3
padding_bottom = 3
padding_left = 3
padding_right = 3