# Autogenerated by the atlas packer, do not modify

texture = atlas_common_0
region_x = 0.90786901270772236
region_y = 0.17769058295964127
region_w = 0.06158357771260997
region_h = 0.13452914798206278
w = 126
h = 120
padding_top = 4
padding_bottom = 4
padding_left = 1
padding_right = 1