# Autogenerated by the atlas packer, do not modify

texture = atlas_common_0
region_x = 0.90698242187500000
region_y = 0.18387470997679814
region_w = 0.06152343750000000
region_h = 0.13921113689095127
w = 126
h = 120
padding_top = 4
padding_bottom = 4
padding_left = 1
padding_right = 1