# Autogenerated by the atlas packer, do not modify

texture = atlas_common_0
region_x = 0.71330387825233188
region_y = 0.75645933014354072
region_w = 0.00392734413352970
region_h = 0.00765550239234450
