# Autogenerated by the atlas packer, do not modify

texture = atlas_common_0
region_x = 0.32697947214076245
region_y = 0.77130044843049328
region_w = 0.00342130987292278
region_h = 0.00784753363228700
w = 14
h = 14
padding_top = 1
padding_bottom = 1
padding_left = 1
padding_right = 1