# Autogenerated by the atlas packer, do not modify

texture = atlas_common_0
region_x = 0.08007812500000000
region_y = 0.87122969837587005
region_w = 0.01953125000000000
region_h = 0.06960556844547564
w = 20
h = 30