# Autogenerated by the atlas packer, do not modify

texture = atlas_common_0
region_x = 0.52331860579283263
region_y = 0.10143540669856459
region_w = 0.01963672066764850
region_h = 0.05741626794258373

# -- Pasted from the override file --

w = 20
h = 30
