# Autogenerated by the atlas packer, do not modify

texture = atlas_common_0
region_x = 0.96947496947496947
region_y = 0.40266666666666667
region_w = 0.01953601953601954
region_h = 0.05333333333333334

# -- Pasted from the override file --

w = 20
h = 30
