# Autogenerated by the atlas packer, do not modify

texture = atlas_common_0
region_x = 0.88894324853228968
region_y = 0.11588785046728972
region_w = 0.01956947162426614
region_h = 0.05607476635514019

# -- Pasted from the override file --

w = 20
h = 30
