# Autogenerated by the atlas packer, do not modify

texture = atlas_common_0
region_x = 0.97753906250000000
region_y = 0.00094250706880302
region_w = 0.01953125000000000
region_h = 0.05655042412818096

# -- Pasted from the override file --

w = 20
h = 30
