# Autogenerated by the atlas packer, do not modify

texture = atlas_common_0
region_x = 0.97753906250000000
region_y = 0.00096153846153846
region_w = 0.01953125000000000
region_h = 0.05769230769230770

# -- Pasted from the override file --

w = 20
h = 30
