# Autogenerated by the atlas packer, do not modify

texture = atlas_common_0
region_x = 0.69965786901270777
region_y = 0.53699551569506732
region_w = 0.01955034213098729
region_h = 0.06726457399103139
w = 20
h = 30