# Autogenerated by the atlas packer, do not modify

texture = atlas_common_0
region_x = 0.64334637964774954
region_y = 0.09532710280373832
region_w = 0.07240704500978473
region_h = 0.06542056074766354

# -- Pasted from the override file --

w = 148
h = 70
