# Autogenerated by the atlas packer, do not modify

texture = atlas_common_0
region_x = 0.90698242187500000
region_y = 0.32540603248259858
region_w = 0.07202148437500000
region_h = 0.08120649651972157
w = 147.5
h = 70
padding_right = 0.5