# Autogenerated by the atlas packer, do not modify

texture = atlas_common_0
region_x = 0.30346679687500000
region_y = 0.70311027332705001
region_w = 0.07226562500000000
region_h = 0.06597549481621112

# -- Pasted from the override file --

w = 148
h = 70
