# Autogenerated by the atlas packer, do not modify

texture = atlas_common_0
region_x = 0.79560439560439555
region_y = 0.12088888888888889
region_w = 0.07228327228327229
region_h = 0.06222222222222222

# -- Pasted from the override file --

w = 148
h = 70
