# Autogenerated by the atlas packer, do not modify

texture = atlas_common_0
region_x = 0.84290623465881198
region_y = 0.24688995215311005
region_w = 0.07265586647029947
region_h = 0.06698564593301436

# -- Pasted from the override file --

w = 148
h = 70
