# Autogenerated by the atlas packer, do not modify

texture = atlas_common_0
region_x = 0.30249023437500000
region_y = 0.71730769230769231
region_w = 0.07226562500000000
region_h = 0.06730769230769230

# -- Pasted from the override file --

w = 148
h = 70
