# Autogenerated by the atlas packer, do not modify

texture = atlas_common_0
region_x = 0.90786901270772236
region_y = 0.31446188340807174
region_w = 0.07209188660801565
region_h = 0.07847533632286996
w = 147.5
h = 70
padding_right = 0.5