# Autogenerated by the atlas packer, do not modify

texture = atlas_common_0
region_x = 0.00048875855327468
region_y = 0.00112107623318386
region_w = 0.12512218963831867
region_h = 0.28699551569506726
w = 512
h = 512