# Autogenerated by the atlas packer, do not modify

texture = atlas_common_0
region_x = 0.00048828125000000
region_y = 0.00116009280742459
region_w = 0.12500000000000000
region_h = 0.29698375870069604
w = 512
h = 512