# Autogenerated by the atlas packer, do not modify

texture = atlas_common_0
region_x = 0.00048828125000000
region_y = 0.00096153846153846
region_w = 0.12500000000000000
region_h = 0.24615384615384617
