# Autogenerated by the atlas packer, do not modify

texture = atlas_common_0
region_x = 0.04025527736867943
region_y = 0.00095693779904306
region_w = 0.12567501227295041
region_h = 0.24497607655502393
