# Autogenerated by the atlas packer, do not modify

texture = atlas_common_0
region_x = 0.41829745596868884
region_y = 0.00093457943925234
region_w = 0.12524461839530332
region_h = 0.23925233644859814
