# Autogenerated by the atlas packer, do not modify

texture = atlas_common_0
region_x = 0.42675781250000000
region_y = 0.68329466357308588
region_w = 0.03320312500000000
region_h = 0.07772621809744780
w = 136
h = 134
padding_top = 16
padding_bottom = 13
padding_left = 15
padding_right = 12