# Autogenerated by the atlas packer, do not modify

texture = atlas_common_0
region_x = 0.21501956947162426
region_y = 0.81635514018691591
region_w = 0.03987279843444227
region_h = 0.07616822429906542
