# Autogenerated by the atlas packer, do not modify

texture = atlas_common_0
region_x = 0.41911045943304009
region_y = 0.68665919282511212
region_w = 0.03323558162267840
region_h = 0.07511210762331838
w = 136
h = 134
padding_top = 16
padding_bottom = 13
padding_left = 15
padding_right = 12