# Autogenerated by the atlas packer, do not modify

texture = atlas_common_0
region_x = 0.63427734375000000
region_y = 0.23607888631090487
region_w = 0.00390625000000000
region_h = 0.00928074245939675
w = 16
h = 16