# Autogenerated by the atlas packer, do not modify

texture = atlas_common_0
region_x = 0.57568359375000000
region_y = 0.14519230769230770
region_w = 0.00390625000000000
region_h = 0.00769230769230769
