# Autogenerated by the atlas packer, do not modify

texture = atlas_common_0
region_x = 0.86901270772238515
region_y = 0.78923766816143492
region_w = 0.00391006842619746
region_h = 0.00896860986547085
w = 16
h = 16