# Autogenerated by the atlas packer, do not modify

texture = atlas_common_0
region_x = 0.93333333333333335
region_y = 0.27822222222222220
region_w = 0.00390720390720391
region_h = 0.00711111111111111
