# Autogenerated by the atlas packer, do not modify

texture = atlas_common_0
region_x = 0.32583170254403132
region_y = 0.32710280373831774
region_w = 0.00391389432485323
region_h = 0.00747663551401869
