# Autogenerated by the atlas packer, do not modify

texture = atlas_common_0
region_x = 0.04011741682974559
region_y = 0.23971962616822429
region_w = 0.06262230919765166
region_h = 0.11962616822429907

# -- Pasted from the override file --

w = 128
h = 128
