# Autogenerated by the atlas packer, do not modify

texture = atlas_common_0
region_x = 0.92844932844932848
region_y = 0.28711111111111109
region_w = 0.06251526251526252
region_h = 0.11377777777777778

# -- Pasted from the override file --

w = 128
h = 128
