# Autogenerated by the atlas packer, do not modify

texture = atlas_common_0
region_x = 0.70434570312500000
region_y = 0.11078886310904873
region_w = 0.05957031250000000
region_h = 0.14791183294663574
w = 122
h = 127.5
padding_top = 0.5
padding_left = 1
padding_right = 5