# Autogenerated by the atlas packer, do not modify

texture = atlas_common_0
region_x = 0.51806640625000000
region_y = 0.00094250706880302
region_w = 0.06250000000000000
region_h = 0.12064090480678605

# -- Pasted from the override file --

w = 128
h = 128
