# Autogenerated by the atlas packer, do not modify

texture = atlas_common_0
region_x = 0.70503421309872927
region_y = 0.10706278026905830
region_w = 0.05962854349951124
region_h = 0.14293721973094170
w = 122
h = 127.5
padding_top = 0.5
padding_left = 1
padding_right = 5