# Autogenerated by the atlas packer, do not modify

texture = atlas_common_0
region_x = 0.00048923679060665
region_y = 0.94719626168224302
region_w = 0.02446183953033268
region_h = 0.04672897196261682
