# Autogenerated by the atlas packer, do not modify

texture = atlas_common_0
region_x = 0.23168945312500000
region_y = 0.93039443155452439
region_w = 0.02172851562500000
region_h = 0.04060324825986079
w = 89
h = 70
padding_top = 16
padding_bottom = 14
padding_left = 8
padding_right = 3