# Autogenerated by the atlas packer, do not modify

texture = atlas_common_0
region_x = 0.07485322896281800
region_y = 0.95186915887850465
region_w = 0.02446183953033268
region_h = 0.04672897196261682
