# Autogenerated by the atlas packer, do not modify

texture = atlas_common_0
region_x = 0.57917888563049857
region_y = 0.93834080717488788
region_w = 0.02174975562072336
region_h = 0.03923766816143498
w = 89
h = 70
padding_top = 16
padding_bottom = 14
padding_left = 8
padding_right = 3