# Autogenerated by the atlas packer, do not modify

texture = atlas_common_0
region_x = 0.39340659340659340
region_y = 0.93955555555555559
region_w = 0.02442002442002442
region_h = 0.04444444444444445
