# Autogenerated by the atlas packer, do not modify

texture = atlas_common_0
region_x = 0.35791015625000000
region_y = 0.26971153846153845
region_w = 0.02441406250000000
region_h = 0.04807692307692308
