# Autogenerated by the atlas packer, do not modify

texture = atlas_common_0
region_x = 0.61485826001955035
region_y = 0.21300448430493274
region_w = 0.01906158357771261
region_h = 0.03195067264573991
w = 78
h = 57
padding_top = 23
padding_bottom = 20
padding_left = 13
padding_right = 9