# Autogenerated by the atlas packer, do not modify

texture = atlas_common_0
region_x = 0.32031250000000000
region_y = 0.45769230769230768
region_w = 0.02441406250000000
region_h = 0.04807692307692308
