# Autogenerated by the atlas packer, do not modify

texture = atlas_common_0
region_x = 0.61425781250000000
region_y = 0.22041763341067286
region_w = 0.01904296875000000
region_h = 0.03306264501160093
w = 78
h = 57
padding_top = 23
padding_bottom = 20
padding_left = 13
padding_right = 9