# Autogenerated by the atlas packer, do not modify

texture = atlas_common_0
region_x = 0.35791015625000000
region_y = 0.26437323279924602
region_w = 0.02441406250000000
region_h = 0.04712535344015080
