# Autogenerated by the atlas packer, do not modify

texture = atlas_common_0
region_x = 0.63868433971526750
region_y = 0.62679425837320579
region_w = 0.02454590083456063
region_h = 0.04784688995215311
