# Autogenerated by the atlas packer, do not modify

texture = atlas_common_0
region_x = 0.69181929181929180
region_y = 0.94444444444444442
region_w = 0.02442002442002442
region_h = 0.04444444444444445
