# Autogenerated by the atlas packer, do not modify

texture = atlas_common_0
region_x = 0.97029945999018163
region_y = 0.93540669856459335
region_w = 0.02454590083456063
region_h = 0.04784688995215311
