# Autogenerated by the atlas packer, do not modify

texture = atlas_common_0
region_x = 0.04028320312500000
region_y = 0.43701923076923077
region_w = 0.03857421875000000
region_h = 0.41875000000000001

# -- Pasted from the override file --

w = 79
h = 435
