# Autogenerated by the atlas packer, do not modify

texture = atlas_common_0
region_x = 0.87805474095796676
region_y = 0.00112107623318386
region_w = 0.02883675464320625
region_h = 0.47701793721973096
w = 59
h = 425.5
padding_top = 5
padding_bottom = 5
padding_left = 10
padding_right = 10