# Autogenerated by the atlas packer, do not modify

texture = atlas_common_0
region_x = 0.04028320312500000
region_y = 0.42836946277097077
region_w = 0.03857421875000000
region_h = 0.41046182846371349

# -- Pasted from the override file --

w = 79
h = 435
