# Autogenerated by the atlas packer, do not modify

texture = atlas_common_0
region_x = 0.00048840048840049
region_y = 0.00088888888888889
region_w = 0.03858363858363859
region_h = 0.38711111111111113

# -- Pasted from the override file --

w = 79
h = 435
