# Autogenerated by the atlas packer, do not modify

texture = atlas_common_0
region_x = 0.00049091801669121
region_y = 0.00095693779904306
region_w = 0.03878252331860579
region_h = 0.41674641148325359

# -- Pasted from the override file --

w = 79
h = 435
