# Autogenerated by the atlas packer, do not modify

texture = atlas_common_0
region_x = 0.00048923679060665
region_y = 0.00093457943925234
region_w = 0.03864970645792563
region_h = 0.40700934579439252

# -- Pasted from the override file --

w = 79
h = 435
