# Autogenerated by the atlas packer, do not modify

texture = atlas_common_0
region_x = 0.87719726562500000
region_y = 0.00116009280742459
region_w = 0.02880859375000000
region_h = 0.49361948955916474
w = 59
h = 425.5
padding_top = 5
padding_bottom = 5
padding_left = 10
padding_right = 10