# Autogenerated by the atlas packer, do not modify

texture = atlas_temp_stagex_0
region_x = 0.92821782178217827
region_y = 0.01063829787234043
region_w = 0.06930693069306931
region_h = 0.35106382978723405
w = 28
h = 33
padding_top = 29.5
padding_bottom = 29.5
padding_left = 32
padding_right = 32