# Autogenerated by the atlas packer, do not modify

texture = atlas_temp_stagex_0
region_x = 0.46782178217821785
region_y = 0.01063829787234043
region_w = 0.22524752475247525
region_h = 0.94680851063829785
w = 91
h = 89
padding_top = 1.5
padding_bottom = 1.5
padding_left = 0.5
padding_right = 0.5