# Autogenerated by the atlas packer, do not modify

texture = atlas_temp_stagex_0
region_x = 0.33510638297872342
region_y = 0.01063829787234043
region_w = 0.16312056737588654
region_h = 0.97872340425531912
