# Autogenerated by the atlas packer, do not modify

texture = atlas_temp_stagex_0
region_x = 0.00247524752475248
region_y = 0.01063829787234043
region_w = 0.22772277227722773
region_h = 0.97872340425531912
w = 92
h = 92