# Autogenerated by the atlas packer, do not modify

texture = atlas_temp_stagex_0
region_x = 0.92821782178217827
region_y = 0.38297872340425532
region_w = 0.06683168316831684
region_h = 0.41489361702127658
w = 27
h = 39
padding_top = 26.5
padding_bottom = 26.5
padding_left = 32.5
padding_right = 32.5