# Autogenerated by the atlas packer, do not modify

texture = atlas_common_ui_0
region_x = 0.86363636363636365
region_y = 0.28345070422535212
region_w = 0.06313131313131314
region_h = 0.17605633802816900
w = 25
h = 50