# Autogenerated by the atlas packer, do not modify

texture = atlas_common_ui_0
region_x = 0.35576923076923078
region_y = 0.67899408284023666
region_w = 0.06009615384615385
region_h = 0.14792899408284024

# -- Pasted from the override file --

w = 25
h = 50
