# Autogenerated by the atlas packer, do not modify

texture = atlas_common_ui_0
region_x = 0.00252525252525253
region_y = 0.31866197183098594
region_w = 0.41035353535353536
region_h = 0.37852112676056338
w = 162.5
h = 107.5
padding_top = 2.5
padding_left = 1.5