# Autogenerated by the atlas packer, do not modify

texture = atlas_common_ui_0
region_x = 0.47956730769230771
region_y = 0.63165680473372776
region_w = 0.39423076923076922
region_h = 0.32544378698224852

# -- Pasted from the override file --

w = 164
h = 110
