# Autogenerated by the atlas packer, do not modify

texture = atlas_portraits_0
region_x = 0.16400797607178463
region_y = 0.55184446660019937
region_w = 0.16251246261216351
region_h = 0.23803589232303091
w = 326
h = 477.5