# Autogenerated by the atlas packer, do not modify

texture = atlas_portraits_0
region_x = 0.19865403788634098
region_y = 0.96410767696909272
region_w = 0.02841475573280159
region_h = 0.02816550348953141
w = 57
h = 56.5
padding_top = 64.5
padding_bottom = 356.5
padding_left = 75
padding_right = 194