# Autogenerated by the atlas packer, do not modify

texture = atlas_portraits_0
region_x = 0.91450648055832506
region_y = 0.20169533782099228
region_w = 0.06181455633100698
region_h = 0.05833956619296934

# -- Pasted from the override file --

w = 124
h = 117
padding_top = 5.5
padding_bottom = 355
padding_left = 8
padding_right = 194
