# Autogenerated by the atlas packer, do not modify

texture = atlas_portraits_0
region_x = 0.91450648055832506
region_y = 0.50461231613064073
region_w = 0.05009970089730808
region_h = 0.04836699077536774

# -- Pasted from the override file --

w = 100.5
h = 97
padding_top = 24.5
padding_bottom = 356
padding_left = 74
padding_right = 151.5
