# Autogenerated by the atlas packer, do not modify

texture = atlas_portraits_0
region_x = 0.43100335310807325
region_y = 0.00048959608323133
region_w = 0.16817126644312613
region_h = 0.23378212974296206

# -- Pasted from the override file --

w = 326
h = 477.5
padding_top = 0
padding_bottom = 0
padding_left = 0
padding_right = 0
