# Autogenerated by the atlas packer, do not modify

texture = atlas_portraits_0
region_x = 0.47532402791625122
region_y = 0.95811518324607325
region_w = 0.02841475573280159
region_h = 0.02817252555472451

# -- Pasted from the override file --

w = 57
h = 56.5
padding_top = 64.5
padding_bottom = 356.5
padding_left = 75
padding_right = 194
