# Autogenerated by the atlas packer, do not modify

texture = atlas_portraits_0
region_x = 0.49497033789012124
region_y = 0.53463892288861692
region_w = 0.06396698478204797
region_h = 0.05728274173806609

# -- Pasted from the override file --

w = 124
h = 117
padding_top = 5.5
padding_bottom = 355
padding_left = 8
padding_right = 194
