# Autogenerated by the atlas packer, do not modify

texture = atlas_portraits_0
region_x = 0.63012638638122265
region_y = 0.13855569155446756
region_w = 0.02940417848852205
region_h = 0.02766217870257038

# -- Pasted from the override file --

w = 57
h = 56.5
padding_top = 64.5
padding_bottom = 356.5
padding_left = 75
padding_right = 194
