# Autogenerated by the atlas packer, do not modify

texture = atlas_portraits_0
region_x = 0.82357492906886764
region_y = 0.29326805385556914
region_w = 0.05184420944028888
region_h = 0.04749082007343941

# -- Pasted from the override file --

w = 100.5
h = 97
padding_top = 24.5
padding_bottom = 356
padding_left = 74
padding_right = 151.5
