# Autogenerated by the atlas packer, do not modify

texture = atlas_portraits_0
region_x = 0.29436689930209370
region_y = 0.94340563450511095
region_w = 0.02866400797607178
region_h = 0.03066566940912491

# -- Pasted from the override file --

w = 57.5
h = 61.5
padding_top = 53
padding_bottom = 385.5
padding_left = 59
padding_right = 194
