# Autogenerated by the atlas packer, do not modify

texture = atlas_portraits_0
region_x = 0.91450648055832506
region_y = 0.96236291126620144
region_w = 0.02916251246261216
region_h = 0.02642073778664008
w = 58.5
h = 53
padding_top = 56.5
padding_bottom = 390.5
padding_left = 60.5
padding_right = 191.5