# Autogenerated by the atlas packer, do not modify

texture = atlas_portraits_0
region_x = 0.13334995014955134
region_y = 0.97283150548354935
region_w = 0.02841475573280159
region_h = 0.02617148554336989
w = 57
h = 52.5
padding_top = 57.5
padding_bottom = 390
padding_left = 57
padding_right = 196.5