# Autogenerated by the atlas packer, do not modify

texture = atlas_portraits_0
region_x = 0.53108073252514831
region_y = 0.96719706242350056
region_w = 0.03404694351302553
region_h = 0.02790697674418605

# -- Pasted from the override file --

w = 66
h = 57
padding_top = 52
padding_bottom = 391
padding_left = 56
padding_right = 188.5
