# Autogenerated by the atlas packer, do not modify

texture = atlas_portraits_0
region_x = 0.13696156822285271
region_y = 0.25238678090575273
region_w = 0.16017539334537012
region_h = 0.24479804161566707

# -- Pasted from the override file --

w = 310.5
h = 500
padding_top = 0
padding_bottom = 0
padding_left = 0
padding_right = 0
