# Autogenerated by the atlas packer, do not modify

texture = atlas_portraits_0
region_x = 0.10019940179461616
region_y = 0.94589877835951131
region_w = 0.03065802592223330
region_h = 0.02792321116928447

# -- Pasted from the override file --

w = 61.5
h = 56
padding_top = 55
padding_bottom = 389
padding_left = 57
padding_right = 192
