# Autogenerated by the atlas packer, do not modify

texture = atlas_portraits_0
region_x = 0.47532402791625122
region_y = 0.95862412761714855
region_w = 0.02916251246261216
region_h = 0.02642073778664008

# -- Pasted from the override file --

w = 58.5
h = 53
padding_top = 56.5
padding_bottom = 390.5
padding_left = 60.5
padding_right = 191.5
