# Autogenerated by the atlas packer, do not modify

texture = atlas_portraits_0
region_x = 0.60020634511220017
region_y = 0.19828641370869032
region_w = 0.03172556100077380
region_h = 0.02741738066095471

# -- Pasted from the override file --

w = 61.5
h = 56
padding_top = 55
padding_bottom = 389
padding_left = 57
padding_right = 192
