# Autogenerated by the atlas packer, do not modify

texture = atlas_portraits_0
region_x = 0.59659530564869745
region_y = 0.96719706242350056
region_w = 0.03017797265927263
region_h = 0.02594859241126071

# -- Pasted from the override file --

w = 58.5
h = 53
padding_top = 56.5
padding_bottom = 390.5
padding_left = 60.5
padding_right = 191.5
