# Autogenerated by the atlas packer, do not modify

texture = atlas_portraits_0
region_x = 0.62780500386897087
region_y = 0.95985312117503063
region_w = 0.03043590404952283
region_h = 0.02570379436964504

# -- Pasted from the override file --

w = 59
h = 52.5
padding_top = 58.5
padding_bottom = 389
padding_left = 57.5
padding_right = 194
