# Autogenerated by the atlas packer, do not modify

texture = atlas_portraits_0
region_x = 0.16625124626121635
region_y = 0.97132884567439537
region_w = 0.02841475573280159
region_h = 0.02617801047120419

# -- Pasted from the override file --

w = 57
h = 52.5
padding_top = 57.5
padding_bottom = 390
padding_left = 57
padding_right = 196.5
