# Autogenerated by the atlas packer, do not modify

texture = atlas_portraits_0
region_x = 0.23080757726819542
region_y = 0.95139581256231309
region_w = 0.02941176470588235
region_h = 0.02617148554336989

# -- Pasted from the override file --

w = 59
h = 52.5
padding_top = 58.5
padding_bottom = 389
padding_left = 57.5
padding_right = 194
