# Autogenerated by the atlas packer, do not modify

texture = atlas_portraits_0
region_x = 0.23055832502492524
region_y = 0.95038643729743211
region_w = 0.02941176470588235
region_h = 0.02617801047120419

# -- Pasted from the override file --

w = 59
h = 52.5
padding_top = 58.5
padding_bottom = 389
padding_left = 57.5
padding_right = 194
