# Autogenerated by the atlas packer, do not modify

texture = atlas_portraits_0
region_x = 0.56615940159917466
region_y = 0.96719706242350056
region_w = 0.02940417848852205
region_h = 0.02570379436964504

# -- Pasted from the override file --

w = 57
h = 52.5
padding_top = 57.5
padding_bottom = 390
padding_left = 57
padding_right = 196.5
