# Autogenerated by the atlas packer, do not modify

texture = atlas_portraits_0
region_x = 0.00049850448654038
region_y = 0.94591226321036892
region_w = 0.03065802592223330
region_h = 0.02791625124626122
w = 61.5
h = 56
padding_top = 55
padding_bottom = 389
padding_left = 57
padding_right = 192