# Autogenerated by the atlas packer, do not modify

texture = atlas_portraits_0
region_x = 0.91450648055832506
region_y = 0.75243081525804034
region_w = 0.03290129611166501
region_h = 0.02842183994016455

# -- Pasted from the override file --

w = 66
h = 57
padding_top = 52
padding_bottom = 391
padding_left = 56
padding_right = 188.5
