# Autogenerated by the atlas packer, do not modify

texture = atlas_portraits_0
region_x = 0.60020634511220017
region_y = 0.16719706242350060
region_w = 0.02966210987877224
region_h = 0.03011015911872705

# -- Pasted from the override file --

w = 57.5
h = 61.5
padding_top = 53
padding_bottom = 385.5
padding_left = 59
padding_right = 194
