# Autogenerated by the atlas packer, do not modify

texture = atlas_portraits_0
region_x = 0.59891668816094923
region_y = 0.53463892288861692
region_w = 0.16017539334537012
region_h = 0.24430844553243575

# -- Pasted from the override file --

w = 310.5
h = 499
padding_top = 1
padding_bottom = 0
padding_left = 0
padding_right = 0
