# Autogenerated by the atlas packer, do not modify

texture = atlas_portraits_0
region_x = 0.06704885343968096
region_y = 0.91974077766699902
region_w = 0.03215353938185444
region_h = 0.02542372881355932
w = 64.5
h = 51
padding_top = 61.5
padding_bottom = 380
padding_left = 93.5
padding_right = 179.5