# Autogenerated by the atlas packer, do not modify

texture = atlas_portraits_0
region_x = 0.91450648055832506
region_y = 0.67838444278234855
region_w = 0.03464606181455633
region_h = 0.02767389678384443

# -- Pasted from the override file --

w = 69.5
h = 55.5
padding_top = 61
padding_bottom = 376
padding_left = 95.5
padding_right = 172.5
