# Autogenerated by the atlas packer, do not modify

texture = atlas_portraits_0
region_x = 0.46066546298684552
region_y = 0.59290085679314564
region_w = 0.03353108073252515
region_h = 0.02472460220318238

# -- Pasted from the override file --

w = 65
h = 50.5
padding_top = 61
padding_bottom = 381
padding_left = 93
padding_right = 179.5
