# Autogenerated by the atlas packer, do not modify

texture = atlas_portraits_0
region_x = 0.79546040753159664
region_y = 0.00048959608323133
region_w = 0.17410368841888058
region_h = 0.24112607099143207

# -- Pasted from the override file --

w = 337.5
h = 492.5
padding_top = 0
padding_bottom = 0
padding_left = 0
padding_right = 0
