# Autogenerated by the atlas packer, do not modify

texture = atlas_portraits_0
region_x = 0.00049850448654038
region_y = 0.30541012216404889
region_w = 0.16824526420737787
region_h = 0.24557466965843930

# -- Pasted from the override file --

w = 337.5
h = 492.5
padding_top = 0
padding_bottom = 0
padding_left = 0
padding_right = 0
