# Autogenerated by the atlas packer, do not modify

texture = atlas_portraits_0
region_x = 0.00049850448654038
region_y = 0.91997008227374721
region_w = 0.03240279162512463
region_h = 0.02518075292944403

# -- Pasted from the override file --

w = 65
h = 50.5
padding_top = 61
padding_bottom = 381
padding_left = 93
padding_right = 179.5
