# Autogenerated by the atlas packer, do not modify

texture = atlas_portraits_0
region_x = 0.55996904823316995
region_y = 0.58286413708690332
region_w = 0.03327314934227495
region_h = 0.02496940024479804

# -- Pasted from the override file --

w = 64.5
h = 51
padding_top = 61.5
padding_bottom = 380
padding_left = 93.5
padding_right = 179.5
