# Autogenerated by the atlas packer, do not modify

texture = atlas_portraits_0
region_x = 0.00049850448654038
region_y = 0.30533399800598204
region_w = 0.16824526420737787
region_h = 0.24551345962113660
w = 337.5
h = 492.5