# Autogenerated by the atlas packer, do not modify

texture = atlas_portraits_0
region_x = 0.55996904823316995
region_y = 0.55691554467564264
region_w = 0.03095176683002322
region_h = 0.02496940024479804

# -- Pasted from the override file --

w = 60
h = 51
padding_top = 61
padding_bottom = 380.5
padding_left = 98
padding_right = 179.5
