# Autogenerated by the atlas packer, do not modify

texture = atlas_portraits_0
region_x = 0.91450648055832506
region_y = 0.71036889332003983
region_w = 0.03464606181455633
region_h = 0.02766699900299103
w = 69.5
h = 55.5
padding_top = 61
padding_bottom = 376
padding_left = 95.5
padding_right = 172.5