# Autogenerated by the atlas packer, do not modify

texture = atlas_portraits_0
region_x = 0.13334995014955134
region_y = 0.94963849414111190
region_w = 0.02991026919242273
region_h = 0.02543006731488407

# -- Pasted from the override file --

w = 60
h = 51
padding_top = 61
padding_bottom = 380.5
padding_left = 98
padding_right = 179.5
