# Autogenerated by the atlas packer, do not modify

texture = atlas_portraits_0
region_x = 0.42378127418106781
region_y = 0.57919216646266825
region_w = 0.03585246324477689
region_h = 0.02717258261933905

# -- Pasted from the override file --

w = 69.5
h = 55.5
padding_top = 61
padding_bottom = 376
padding_left = 95.5
padding_right = 172.5
