# Autogenerated by the atlas packer, do not modify

texture = atlas_portraits_0
region_x = 0.25509414495744132
region_y = 0.00048959608323133
region_w = 0.17487748258963115
region_h = 0.25091799265605874

# -- Pasted from the override file --

w = 339
h = 512.5
padding_top = 0
padding_bottom = 0
padding_left = 0
padding_right = 0
