# Autogenerated by the atlas packer, do not modify

texture = atlas_portraits_0
region_x = 0.57452642073778659
region_y = 0.00049850448654038
region_w = 0.16899302093718843
region_h = 0.25548354935194417
w = 339
h = 512.5