# Autogenerated by the atlas packer, do not modify

texture = atlas_portraits_0
region_x = 0.29461615154536391
region_y = 0.94915254237288138
region_w = 0.03015952143569292
region_h = 0.02293120638085743
w = 60.5
h = 46
padding_top = 84
padding_bottom = 382.5
padding_left = 144
padding_right = 134.5