# Autogenerated by the atlas packer, do not modify

texture = atlas_portraits_0
region_x = 0.74451645064805583
region_y = 0.00049850448654038
region_w = 0.16899302093718843
region_h = 0.25000000000000000

# -- Pasted from the override file --

w = 339
h = 501.5
padding_top = 11
padding_bottom = 0
padding_left = 0
padding_right = 0
