# Autogenerated by the atlas packer, do not modify

texture = atlas_portraits_0
region_x = 0.28398246066546301
region_y = 0.97478580171358631
region_w = 0.02888831570802167
region_h = 0.02423500611995104

# -- Pasted from the override file --

w = 56
h = 49.5
padding_top = 81.5
padding_bottom = 381.5
padding_left = 146.5
padding_right = 136.5
