# Autogenerated by the atlas packer, do not modify

texture = atlas_portraits_0
region_x = 0.26246261216350947
region_y = 0.94938917975567194
region_w = 0.03015952143569292
region_h = 0.02243829468960359

# -- Pasted from the override file --

w = 60.5
h = 45
padding_top = 85.5
padding_bottom = 382
padding_left = 144
padding_right = 134.5
