# Autogenerated by the atlas packer, do not modify

texture = atlas_portraits_0
region_x = 0.05416559195254062
region_y = 0.18188494492044063
region_w = 0.02682486458602012
region_h = 0.02350061199510404

# -- Pasted from the override file --

w = 52
h = 48
padding_top = 81.5
padding_bottom = 383
padding_left = 144.5
padding_right = 142.5
