# Autogenerated by the atlas packer, do not modify

texture = atlas_portraits_0
region_x = 0.16625124626121635
region_y = 0.94739466467215161
region_w = 0.03015952143569292
region_h = 0.02293692346048367

# -- Pasted from the override file --

w = 60.5
h = 46
padding_top = 84
padding_bottom = 382.5
padding_left = 144
padding_right = 134.5
