# Autogenerated by the atlas packer, do not modify

texture = atlas_portraits_0
region_x = 0.10019940179461616
region_y = 0.97731804586241278
region_w = 0.02492522432701894
region_h = 0.01994017946161515
w = 50
h = 40
padding_top = 88.5
padding_bottom = 384
padding_left = 142.5
padding_right = 146.5