# Autogenerated by the atlas packer, do not modify

texture = atlas_portraits_0
region_x = 0.21614650502966212
region_y = 0.97478580171358631
region_w = 0.03120969822027341
region_h = 0.02203182374541004

# -- Pasted from the override file --

w = 60.5
h = 45
padding_top = 85.5
padding_bottom = 382
padding_left = 144
padding_right = 134.5
