# Autogenerated by the atlas packer, do not modify

texture = atlas_portraits_0
region_x = 0.82176940933711629
region_y = 0.75397796817625462
region_w = 0.17487748258963115
region_h = 0.24553243574051409

# -- Pasted from the override file --

w = 339
h = 501.5
padding_top = 11
padding_bottom = 0
padding_left = 0
padding_right = 0
