# Autogenerated by the atlas packer, do not modify

texture = atlas_portraits_0
region_x = 0.03389830508474576
region_y = 0.97507477567298106
region_w = 0.02592223330009970
region_h = 0.02392821535393819
w = 52
h = 48
padding_top = 81.5
padding_bottom = 383
padding_left = 144.5
padding_right = 142.5