# Autogenerated by the atlas packer, do not modify

texture = atlas_portraits_0
region_x = 0.18622646376063967
region_y = 0.64528763769889841
region_w = 0.02579313902501934
region_h = 0.01958384332925336

# -- Pasted from the override file --

w = 50
h = 40
padding_top = 88.5
padding_bottom = 384
padding_left = 142.5
padding_right = 146.5
