# Autogenerated by the atlas packer, do not modify

texture = atlas_portraits_0
region_x = 0.00049850448654038
region_y = 0.97482552342971085
region_w = 0.02791625124626122
region_h = 0.02467597208374876
w = 56
h = 49.5
padding_top = 81.5
padding_bottom = 381.5
padding_left = 146.5
padding_right = 136.5