# Autogenerated by the atlas packer, do not modify

texture = atlas_portraits_0
region_x = 0.26271186440677968
region_y = 0.97657028913260224
region_w = 0.02492522432701894
region_h = 0.01994017946161515

# -- Pasted from the override file --

w = 50
h = 40
padding_top = 88.5
padding_bottom = 384
padding_left = 142.5
padding_right = 146.5
