# Autogenerated by the atlas packer, do not modify

texture = atlas_portraits_0
region_x = 0.13515604849110135
region_y = 0.67686658506731945
region_w = 0.03120969822027341
region_h = 0.02252141982864137

# -- Pasted from the override file --

w = 60.5
h = 46
padding_top = 84
padding_bottom = 382.5
padding_left = 144
padding_right = 134.5
