# Autogenerated by the atlas packer, do not modify

texture = atlas_portraits_0
region_x = 0.13334995014955134
region_y = 0.94940179461615160
region_w = 0.03015952143569292
region_h = 0.02243270189431705
w = 60.5
h = 45
padding_top = 85.5
padding_bottom = 382
padding_left = 144
padding_right = 134.5