# Autogenerated by the atlas packer, do not modify

texture = atlas_portraits_0
region_x = 0.34521435692921237
region_y = 0.52193419740777669
region_w = 0.19965104685942173
region_h = 0.23778664007976072
w = 400.5
h = 477