# Autogenerated by the atlas packer, do not modify

texture = atlas_portraits_0
region_x = 0.39128191900954346
region_y = 0.73268053855569160
region_w = 0.20660304359040496
region_h = 0.23353733170134638

# -- Pasted from the override file --

w = 400.5
h = 477
padding_top = 0
padding_bottom = 0
padding_left = 0
padding_right = 0
