# Autogenerated by the atlas packer, do not modify

texture = atlas_portraits_0
region_x = 0.48981171008511737
region_y = 0.64577723378212970
region_w = 0.07505803456280630
region_h = 0.03255813953488372

# -- Pasted from the override file --

w = 145.5
h = 66.5
padding_top = 47.5
padding_bottom = 363
padding_left = 72
padding_right = 183
