# Autogenerated by the atlas packer, do not modify

texture = atlas_portraits_0
region_x = 0.23080757726819542
region_y = 0.91974077766699902
region_w = 0.03090727816550349
region_h = 0.03065802592223330
w = 62
h = 61.5
padding_top = 46
padding_bottom = 369.5
padding_left = 158
padding_right = 180.5