# Autogenerated by the atlas packer, do not modify

texture = atlas_portraits_0
region_x = 0.56590147020892445
region_y = 0.64577723378212970
region_w = 0.02811452153727109
region_h = 0.03011015911872705

# -- Pasted from the override file --

w = 54.5
h = 61.5
padding_top = 46
padding_bottom = 369.5
padding_left = 158
padding_right = 188
