# Autogenerated by the atlas packer, do not modify

texture = atlas_portraits_0
region_x = 0.91450648055832506
region_y = 0.07105459985041136
region_w = 0.07253240279162512
region_h = 0.03315881326352531

# -- Pasted from the override file --

w = 145.5
h = 66.5
padding_top = 47.5
padding_bottom = 363
padding_left = 72
padding_right = 183
