# Autogenerated by the atlas packer, do not modify

texture = atlas_portraits_0
region_x = 0.42378127418106781
region_y = 0.60734394124847002
region_w = 0.03198349239102399
region_h = 0.02790697674418605

# -- Pasted from the override file --

w = 62
h = 57
padding_top = 49.5
padding_bottom = 370.5
padding_left = 158
padding_right = 180.5
