# Autogenerated by the atlas packer, do not modify

texture = atlas_portraits_0
region_x = 0.54586241276171488
region_y = 0.27299925205684367
region_w = 0.02716849451645065
region_h = 0.03066566940912491

# -- Pasted from the override file --

w = 54.5
h = 61.5
padding_top = 46
padding_bottom = 369.5
padding_left = 158
padding_right = 188
