# Autogenerated by the atlas packer, do not modify

texture = atlas_portraits_0
region_x = 0.57452642073778659
region_y = 0.75199401794616150
region_w = 0.19965104685942173
region_h = 0.23778664007976072
w = 400.5
h = 477