# Autogenerated by the atlas packer, do not modify

texture = atlas_portraits_0
region_x = 0.50064482847562553
region_y = 0.96719706242350056
region_w = 0.02940417848852205
region_h = 0.02643818849449204

# -- Pasted from the override file --

w = 57
h = 54
padding_top = 51.5
padding_bottom = 371.5
padding_left = 157.5
padding_right = 186
