# Autogenerated by the atlas packer, do not modify

texture = atlas_portraits_0
region_x = 0.45679649213309259
region_y = 0.61860465116279073
region_w = 0.03198349239102399
region_h = 0.03011015911872705

# -- Pasted from the override file --

w = 62
h = 61.5
padding_top = 46
padding_bottom = 369.5
padding_left = 158
padding_right = 180.5
