# Autogenerated by the atlas packer, do not modify

texture = atlas_portraits_0
region_x = 0.26246261216350947
region_y = 0.91997008227374721
region_w = 0.03090727816550349
region_h = 0.02842183994016455

# -- Pasted from the override file --

w = 62
h = 57
padding_top = 49.5
padding_bottom = 370.5
padding_left = 158
padding_right = 180.5
