# Autogenerated by the atlas packer, do not modify

texture = atlas_portraits_0
region_x = 0.91450648055832506
region_y = 0.00049862877088008
region_w = 0.08499501495513459
region_h = 0.03664921465968586

# -- Pasted from the override file --

w = 170.5
h = 73.5
padding_top = 30.5
padding_bottom = 373
padding_left = 118.5
padding_right = 111.5
