# Autogenerated by the atlas packer, do not modify

texture = atlas_portraits_0
region_x = 0.38783649052841473
region_y = 0.49327018943170486
region_w = 0.02841475573280159
region_h = 0.02691924227318046
w = 57
h = 54
padding_top = 51.5
padding_bottom = 371.5
padding_left = 157.5
padding_right = 186