# Autogenerated by the atlas packer, do not modify

texture = atlas_portraits_0
region_x = 0.34521435692921237
region_y = 0.30541012216404889
region_w = 0.06879361914257229
region_h = 0.05061082024432810

# -- Pasted from the override file --

w = 138
h = 101.5
padding_top = 39
padding_bottom = 357
padding_left = 75.5
padding_right = 42.5
