# Autogenerated by the atlas packer, do not modify

texture = atlas_portraits_0
region_x = 0.60020634511220017
region_y = 0.13855569155446756
region_w = 0.02888831570802167
region_h = 0.02399020807833537

# -- Pasted from the override file --

w = 56
h = 49
padding_top = 91
padding_bottom = 357.5
padding_left = 78.5
padding_right = 121.5
