# Autogenerated by the atlas packer, do not modify

texture = atlas_portraits_0
region_x = 0.89579571833892180
region_y = 0.24259485924112606
region_w = 0.05984008253804488
region_h = 0.05312117503059976

# -- Pasted from the override file --

w = 116
h = 108.5
padding_top = 27
padding_bottom = 362
padding_left = 78
padding_right = 62
