# Autogenerated by the atlas packer, do not modify

texture = atlas_portraits_0
region_x = 0.34521435692921237
region_y = 0.30533399800598204
region_w = 0.06879361914257229
region_h = 0.05059820538384845
w = 138
h = 101.5
padding_top = 39
padding_bottom = 357
padding_left = 75.5
padding_right = 42.5