# Autogenerated by the atlas packer, do not modify

texture = atlas_portraits_0
region_x = 0.05339179778179005
region_y = 0.16058751529987761
region_w = 0.02940417848852205
region_h = 0.02031823745410037

# -- Pasted from the override file --

w = 57
h = 41.5
padding_top = 95
padding_bottom = 361
padding_left = 75.5
padding_right = 123.5
