# Autogenerated by the atlas packer, do not modify

texture = atlas_portraits_0
region_x = 0.34521435692921237
region_y = 0.49327018943170486
region_w = 0.04162512462612163
region_h = 0.02517447657028913
w = 83.5
h = 50.5
padding_top = 88.5
padding_bottom = 358.5
padding_left = 74
padding_right = 98.5