# Autogenerated by the atlas packer, do not modify

texture = atlas_portraits_0
region_x = 0.54586241276171488
region_y = 0.33009224632261280
region_w = 0.02666999002991027
region_h = 0.02368486661680379

# -- Pasted from the override file --

w = 53.5
h = 47.5
padding_top = 90.5
padding_bottom = 359.5
padding_left = 81
padding_right = 121.5
