# Autogenerated by the atlas packer, do not modify

texture = atlas_portraits_0
region_x = 0.13515604849110135
region_y = 0.59877600979192169
region_w = 0.06706216146505030
region_h = 0.04553243574051408

# -- Pasted from the override file --

w = 130
h = 93
padding_top = 45.5
padding_bottom = 359
padding_left = 74
padding_right = 52
