# Autogenerated by the atlas packer, do not modify

texture = atlas_portraits_0
region_x = 0.10019940179461616
region_y = 0.97481924707055601
region_w = 0.02791625124626122
region_h = 0.02443280977312391

# -- Pasted from the override file --

w = 56
h = 49
padding_top = 91
padding_bottom = 357.5
padding_left = 78.5
padding_right = 121.5
