# Autogenerated by the atlas packer, do not modify

texture = atlas_portraits_0
region_x = 0.91450648055832506
region_y = 0.41849451645064806
region_w = 0.05084745762711865
region_h = 0.03564307078763709
w = 102
h = 71.5
padding_top = 67.5
padding_bottom = 358.5
padding_left = 33.5
padding_right = 120.5