# Autogenerated by the atlas packer, do not modify

texture = atlas_portraits_0
region_x = 0.06704885343968096
region_y = 0.97482552342971085
region_w = 0.02791625124626122
region_h = 0.02442671984047856
w = 56
h = 49
padding_top = 91
padding_bottom = 357.5
padding_left = 78.5
padding_right = 121.5