# Autogenerated by the atlas packer, do not modify

texture = atlas_portraits_0
region_x = 0.82357492906886764
region_y = 0.24259485924112606
region_w = 0.07118906370905340
region_h = 0.04969400244798042

# -- Pasted from the override file --

w = 138
h = 101.5
padding_top = 39
padding_bottom = 357
padding_left = 75.5
padding_right = 42.5
