# Autogenerated by the atlas packer, do not modify

texture = atlas_portraits_0
region_x = 0.05339179778179005
region_y = 0.13635250917992656
region_w = 0.02759865875677070
region_h = 0.02325581395348837

# -- Pasted from the override file --

w = 53.5
h = 47.5
padding_top = 90.5
padding_bottom = 359.5
padding_left = 81
padding_right = 121.5
