# Autogenerated by the atlas packer, do not modify

texture = atlas_portraits_0
region_x = 0.76012380706732008
region_y = 0.75397796817625462
region_w = 0.04307454217178230
region_h = 0.02472460220318238

# -- Pasted from the override file --

w = 83.5
h = 50.5
padding_top = 88.5
padding_bottom = 358.5
padding_left = 74
padding_right = 98.5
