# Autogenerated by the atlas packer, do not modify

texture = atlas_portraits_0
region_x = 0.00051586278050039
region_y = 0.19730722154222766
region_w = 0.05261800361103947
region_h = 0.03500611995104039

# -- Pasted from the override file --

w = 102
h = 71.5
padding_top = 67.5
padding_bottom = 358.5
padding_left = 33.5
padding_right = 120.5
