# Autogenerated by the atlas packer, do not modify

texture = atlas_portraits_0
region_x = 0.91450648055832506
region_y = 0.10518444666001994
region_w = 0.06480558325024925
region_h = 0.04636091724825524
w = 130
h = 93
padding_top = 45.5
padding_bottom = 359
padding_left = 74
padding_right = 52