# Autogenerated by the atlas packer, do not modify

texture = atlas_portraits_0
region_x = 0.26246261216350947
region_y = 0.97282473198703567
region_w = 0.02841475573280159
region_h = 0.02069309399152331

# -- Pasted from the override file --

w = 57
h = 41.5
padding_top = 95
padding_bottom = 361
padding_left = 75.5
padding_right = 123.5
