# Autogenerated by the atlas packer, do not modify

texture = atlas_portraits_0
region_x = 0.91450648055832506
region_y = 0.36340977068793617
region_w = 0.05782652043868395
region_h = 0.05408773678963111
w = 116
h = 108.5
padding_top = 27
padding_bottom = 362
padding_left = 78
padding_right = 62