# Autogenerated by the atlas packer, do not modify

texture = atlas_portraits_0
region_x = 0.66236781016249680
region_y = 0.00048959608323133
region_w = 0.13206087180809906
region_h = 0.24357405140758873

# -- Pasted from the override file --

w = 256
h = 497.5
padding_top = 0
padding_bottom = 0
padding_left = 0
padding_right = 0
