# Autogenerated by the atlas packer, do not modify

texture = atlas_portraits_0
region_x = 0.41724825523429709
region_y = 0.27293120638085744
region_w = 0.12761714855433698
region_h = 0.24800598205383848
w = 256
h = 497.5