# Autogenerated by the atlas packer, do not modify

texture = atlas_portraits_0
region_x = 0.29461615154536391
region_y = 0.97308075772681957
region_w = 0.02841475573280159
region_h = 0.02068793619142572
w = 57
h = 41.5
padding_top = 95
padding_bottom = 361
padding_left = 75.5
padding_right = 123.5