# Autogenerated by the atlas packer, do not modify

texture = atlas_portraits_0
region_x = 0.54586241276171488
region_y = 0.33000997008973082
region_w = 0.02666999002991027
region_h = 0.02367896311066800
w = 53.5
h = 47.5
padding_top = 90.5
padding_bottom = 359.5
padding_left = 81
padding_right = 121.5