# Autogenerated by the atlas packer, do not modify

texture = atlas_portraits_0
region_x = 0.34521435692921237
region_y = 0.45674395412615310
region_w = 0.06505483549351944
region_h = 0.03565195711792570

# -- Pasted from the override file --

w = 130.5
h = 71.5
padding_top = 68
padding_bottom = 351.5
padding_left = 79
padding_right = 101
