# Autogenerated by the atlas packer, do not modify

texture = atlas_portraits_0
region_x = 0.00051586278050039
region_y = 0.04798041615667074
region_w = 0.03172556100077380
region_h = 0.02717258261933905

# -- Pasted from the override file --

w = 61.5
h = 55.5
padding_top = 64.5
padding_bottom = 371
padding_left = 148
padding_right = 101
