# Autogenerated by the atlas packer, do not modify

texture = atlas_portraits_0
region_x = 0.00051586278050039
region_y = 0.00048959608323133
region_w = 0.03327314934227495
region_h = 0.02521419828641371

# -- Pasted from the override file --

w = 64.5
h = 51.5
padding_top = 67.5
padding_bottom = 372
padding_left = 146.5
padding_right = 99.5
