# Autogenerated by the atlas packer, do not modify

texture = atlas_portraits_0
region_x = 0.03389830508474576
region_y = 0.91997008227374721
region_w = 0.03215353938185444
region_h = 0.02567938170032411

# -- Pasted from the override file --

w = 64.5
h = 51.5
padding_top = 67.5
padding_bottom = 372
padding_left = 146.5
padding_right = 99.5
