# Autogenerated by the atlas packer, do not modify

texture = atlas_portraits_0
region_x = 0.66236781016249680
region_y = 0.24504283965728274
region_w = 0.16017539334537012
region_h = 0.24039167686658508

# -- Pasted from the override file --

w = 310.5
h = 491
padding_top = 0
padding_bottom = 0
padding_left = 0
padding_right = 0
