# Autogenerated by the atlas packer, do not modify

texture = atlas_portraits_0
region_x = 0.13515604849110135
region_y = 0.64528763769889841
region_w = 0.05003868970853753
region_h = 0.03059975520195838

# -- Pasted from the override file --

w = 97
h = 62.5
padding_top = 57.5
padding_bottom = 371
padding_left = 150
padding_right = 63.5
