# Autogenerated by the atlas packer, do not modify

texture = atlas_portraits_0
region_x = 0.66236781016249680
region_y = 0.48641370869033046
region_w = 0.04978075831828734
region_h = 0.03084455324357405

# -- Pasted from the override file --

w = 96.5
h = 63
padding_top = 57.5
padding_bottom = 370.5
padding_left = 150.5
padding_right = 63.5
