# Autogenerated by the atlas packer, do not modify

texture = atlas_portraits_0
region_x = 0.00049850448654038
region_y = 0.94614809274495137
region_w = 0.03065802592223330
region_h = 0.02767389678384443

# -- Pasted from the override file --

w = 61.5
h = 55.5
padding_top = 64.5
padding_bottom = 371
padding_left = 148
padding_right = 101
