# Autogenerated by the atlas packer, do not modify

texture = atlas_portraits_0
region_x = 0.91450648055832506
region_y = 0.55383848454636087
region_w = 0.05009970089730808
region_h = 0.03115653040877368
w = 100.5
h = 62.5
padding_top = 57.5
padding_bottom = 371
padding_left = 146.5
padding_right = 63.5