# Autogenerated by the atlas packer, do not modify

texture = atlas_portraits_0
region_x = 0.42378127418106781
region_y = 0.64969400244798037
region_w = 0.03249935517152437
region_h = 0.02594859241126071

# -- Pasted from the override file --

w = 63
h = 53
padding_top = 67.5
padding_bottom = 370.5
padding_left = 145.5
padding_right = 102
