# Autogenerated by the atlas packer, do not modify

texture = atlas_portraits_0
region_x = 0.34521435692921237
region_y = 0.40239341810022439
region_w = 0.06605184446660020
region_h = 0.05335327848416854

# -- Pasted from the override file --

w = 132.5
h = 107
padding_top = 13
padding_bottom = 371
padding_left = 77
padding_right = 101
