# Autogenerated by the atlas packer, do not modify

texture = atlas_portraits_0
region_x = 0.47532402791625122
region_y = 0.87412761714855436
region_w = 0.04810568295114656
region_h = 0.03140578265204387
w = 96.5
h = 63
padding_top = 57.5
padding_bottom = 370.5
padding_left = 150.5
padding_right = 63.5