# Autogenerated by the atlas packer, do not modify

texture = atlas_portraits_0
region_x = 0.42378127418106781
region_y = 0.53463892288861692
region_w = 0.07015733814805261
region_h = 0.04357405140758874

# -- Pasted from the override file --

w = 136
h = 89
padding_top = 29.5
padding_bottom = 372.5
padding_left = 73.5
padding_right = 101
