# Autogenerated by the atlas packer, do not modify

texture = atlas_portraits_0
region_x = 0.49213309259736909
region_y = 0.67931456548347613
region_w = 0.05184420944028888
region_h = 0.03059975520195838

# -- Pasted from the override file --

w = 100.5
h = 62.5
padding_top = 57.5
padding_bottom = 371
padding_left = 146.5
padding_right = 63.5
