# Autogenerated by the atlas packer, do not modify

texture = atlas_portraits_0
region_x = 0.16625124626121635
region_y = 0.91974077766699902
region_w = 0.03140578265204387
region_h = 0.02642073778664008
w = 63
h = 53
padding_top = 67.5
padding_bottom = 370.5
padding_left = 145.5
padding_right = 102