# Autogenerated by the atlas packer, do not modify

texture = atlas_portraits_0
region_x = 0.42378127418106781
region_y = 0.67931456548347613
region_w = 0.06732009285530050
region_h = 0.03500611995104039

# -- Pasted from the override file --

w = 130.5
h = 71.5
padding_top = 68
padding_bottom = 351.5
padding_left = 79
padding_right = 101
