# Autogenerated by the atlas packer, do not modify

texture = atlas_portraits_0
region_x = 0.59891668816094923
region_y = 0.77992656058751531
region_w = 0.06835181841630127
region_h = 0.05238678090575275

# -- Pasted from the override file --

w = 132.5
h = 107
padding_top = 13
padding_bottom = 371
padding_left = 77
padding_right = 101
