# Autogenerated by the atlas packer, do not modify

texture = atlas_portraits_0
region_x = 0.34521435692921237
region_y = 0.35701819995013712
region_w = 0.06779661016949153
region_h = 0.04437796060832710

# -- Pasted from the override file --

w = 136
h = 89
padding_top = 29.5
padding_bottom = 372.5
padding_left = 73.5
padding_right = 101
