# Autogenerated by the atlas packer, do not modify

texture = atlas_portraits_0
region_x = 0.73433066804230074
region_y = 0.77992656058751531
region_w = 0.08640701573381480
region_h = 0.03133414932680539

# -- Pasted from the override file --

w = 167.5
h = 64
padding_top = 65.5
padding_bottom = 361.5
padding_left = 94.5
padding_right = 48.5
