# Autogenerated by the atlas packer, do not modify

texture = atlas_portraits_0
region_x = 0.03378901212277534
region_y = 0.04039167686658507
region_w = 0.03327314934227495
region_h = 0.02447980416156671

# -- Pasted from the override file --

w = 64.5
h = 50
padding_top = 69.5
padding_bottom = 371.5
padding_left = 146.5
padding_right = 99.5
