# Autogenerated by the atlas packer, do not modify

texture = atlas_portraits_0
region_x = 0.47532402791625122
region_y = 0.84197407776669986
region_w = 0.04835493519441675
region_h = 0.03115653040877368
w = 97
h = 62.5
padding_top = 57.5
padding_bottom = 371
padding_left = 150
padding_right = 63.5