# Autogenerated by the atlas packer, do not modify

texture = atlas_portraits_0
region_x = 0.91450648055832506
region_y = 0.03813559322033899
region_w = 0.08349950149551345
region_h = 0.03190428713858424
w = 167.5
h = 64
padding_top = 65.5
padding_bottom = 361.5
padding_left = 94.5
padding_right = 48.5