# Autogenerated by the atlas packer, do not modify

texture = atlas_portraits_0
region_x = 0.10019940179461616
region_y = 0.91974077766699902
region_w = 0.03215353938185444
region_h = 0.02492522432701894
w = 64.5
h = 50
padding_top = 69.5
padding_bottom = 371.5
padding_left = 146.5
padding_right = 99.5