# Autogenerated by the atlas packer, do not modify

texture = atlas_portraits_0
region_x = 0.54500902759865877
region_y = 0.67931456548347613
region_w = 0.03224142378127418
region_h = 0.02815177478580171

# -- Pasted from the override file --

w = 62.5
h = 57.5
padding_top = 61
padding_bottom = 372.5
padding_left = 147
padding_right = 101
