# Autogenerated by the atlas packer, do not modify

texture = atlas_portraits_0
region_x = 0.74451645064805583
region_y = 0.50174476570289128
region_w = 0.15478564307078763
region_h = 0.24476570289132601

# -- Pasted from the override file --

w = 310.5
h = 491
padding_top = 0
padding_bottom = 0
padding_left = 0
padding_right = 0
