# Autogenerated by the atlas packer, do not modify

texture = atlas_portraits_0
region_x = 0.91450648055832506
region_y = 0.87783595113438040
region_w = 0.03115653040877368
region_h = 0.02867115432560459

# -- Pasted from the override file --

w = 62.5
h = 57.5
padding_top = 61
padding_bottom = 372.5
padding_left = 147
padding_right = 101
