# Autogenerated by the atlas packer, do not modify

texture = atlas_portraits_0
region_x = 0.77517447657028915
region_y = 0.74750747756729807
region_w = 0.13085742771684944
region_h = 0.23604187437686938
w = 262.5
h = 473.5
padding_left = -16
padding_right = 16