# Autogenerated by the atlas packer, do not modify

texture = atlas_portraits_0
region_x = 0.00051586278050039
region_y = 0.23525091799265607
region_w = 0.13541397988135156
region_h = 0.23182374541003672

# -- Pasted from the override file --

w = 262.5
h = 473.5
padding_top = 0
padding_bottom = 0
padding_left = -16
padding_right = 16
