# Autogenerated by the atlas packer, do not modify

texture = atlas_portraits_0
region_x = 0.42455506835181844
region_y = 0.96719706242350056
region_w = 0.03198349239102399
region_h = 0.02888616891064872

# -- Pasted from the override file --

w = 62
h = 59
padding_top = 115
padding_bottom = 370.5
padding_left = 117
padding_right = 134.5
