# Autogenerated by the atlas packer, do not modify

texture = atlas_portraits_0
region_x = 0.13334995014955134
region_y = 0.91974077766699902
region_w = 0.03190428713858424
region_h = 0.02866400797607178
w = 64
h = 57.5
padding_top = 116.5
padding_bottom = 370.5
padding_left = 115.5
padding_right = 134