# Autogenerated by the atlas packer, do not modify

texture = atlas_portraits_0
region_x = 0.47532402791625122
region_y = 0.76071784646061813
region_w = 0.04835493519441675
region_h = 0.03963110667996012
w = 97
h = 79.5
padding_top = 97
padding_bottom = 368
padding_left = 120
padding_right = 96.5