# Autogenerated by the atlas packer, do not modify

texture = atlas_portraits_0
region_x = 0.16625124626121635
region_y = 0.94715852442671988
region_w = 0.03015952143569292
region_h = 0.02916251246261216
w = 60.5
h = 58.5
padding_top = 115
padding_bottom = 371
padding_left = 117
padding_right = 136