# Autogenerated by the atlas packer, do not modify

texture = atlas_portraits_0
region_x = 0.03389830508474576
region_y = 0.94664672151583151
region_w = 0.03015952143569292
region_h = 0.02916978309648467

# -- Pasted from the override file --

w = 60.5
h = 58.5
padding_top = 115
padding_bottom = 371
padding_left = 117
padding_right = 136
