# Autogenerated by the atlas packer, do not modify

texture = atlas_portraits_0
region_x = 0.41724825523429709
region_y = 0.00049850448654038
region_w = 0.15628115653040878
region_h = 0.27143569292123632
w = 313.5
h = 544.5