# Autogenerated by the atlas packer, do not modify

texture = atlas_portraits_0
region_x = 0.91450648055832506
region_y = 0.84442782348541512
region_w = 0.03115653040877368
region_h = 0.03241087010720518

# -- Pasted from the override file --

w = 62.5
h = 65
padding_top = 109.5
padding_bottom = 370
padding_left = 117
padding_right = 134
