# Autogenerated by the atlas packer, do not modify

texture = atlas_portraits_0
region_x = 0.34521435692921237
region_y = 0.76090750436300170
region_w = 0.12911266201395813
region_h = 0.23635003739715782

# -- Pasted from the override file --

w = 259
h = 474
padding_top = 70.5
padding_bottom = 0
padding_left = 54.5
padding_right = 0
