# Autogenerated by the atlas packer, do not modify

texture = atlas_portraits_0
region_x = 0.26271186440677968
region_y = 0.91974077766699902
region_w = 0.03090727816550349
region_h = 0.02941176470588235
w = 62
h = 59
padding_top = 115
padding_bottom = 370.5
padding_left = 117
padding_right = 134.5