# Autogenerated by the atlas packer, do not modify

texture = atlas_portraits_0
region_x = 0.00051586278050039
region_y = 0.46805385556915546
region_w = 0.13360846014960021
region_h = 0.23206854345165240

# -- Pasted from the override file --

w = 259
h = 474
padding_top = 70.5
padding_bottom = 0
padding_left = 54.5
padding_right = 0
