# Autogenerated by the atlas packer, do not modify

texture = atlas_portraits_0
region_x = 0.23055832502492524
region_y = 0.91997008227374721
region_w = 0.03090727816550349
region_h = 0.02941909748192471

# -- Pasted from the override file --

w = 62
h = 59
padding_top = 115
padding_bottom = 370.5
padding_left = 117
padding_right = 134.5
