# Autogenerated by the atlas packer, do not modify

texture = atlas_portraits_0
region_x = 0.45731235491359301
region_y = 0.64969400244798037
region_w = 0.03120969822027341
region_h = 0.02864137086903305

# -- Pasted from the override file --

w = 60.5
h = 58.5
padding_top = 115
padding_bottom = 371
padding_left = 117
padding_right = 136
