# Autogenerated by the atlas packer, do not modify

texture = atlas_portraits_0
region_x = 0.47532402791625122
region_y = 0.80154574918972821
region_w = 0.04835493519441675
region_h = 0.03964098728496634

# -- Pasted from the override file --

w = 97
h = 79.5
padding_top = 97
padding_bottom = 368
padding_left = 120
padding_right = 96.5
