# Autogenerated by the atlas packer, do not modify

texture = atlas_portraits_0
region_x = 0.03482073768377612
region_y = 0.00048959608323133
region_w = 0.05003868970853753
region_h = 0.03892288861689106

# -- Pasted from the override file --

w = 97
h = 79.5
padding_top = 97
padding_bottom = 368
padding_left = 120
padding_right = 96.5
