# Autogenerated by the atlas packer, do not modify

texture = atlas_portraits_0
region_x = 0.39128191900954346
region_y = 0.96719706242350056
region_w = 0.03224142378127418
region_h = 0.03182374541003672

# -- Pasted from the override file --

w = 62.5
h = 65
padding_top = 109.5
padding_bottom = 370
padding_left = 117
padding_right = 134
