# Autogenerated by the atlas packer, do not modify

texture = atlas_portraits_0
region_x = 0.71318029404178485
region_y = 0.48641370869033046
region_w = 0.03301521795202476
region_h = 0.02815177478580171

# -- Pasted from the override file --

w = 64
h = 57.5
padding_top = 116.5
padding_bottom = 370.5
padding_left = 115.5
padding_right = 134
