# Autogenerated by the atlas packer, do not modify

texture = atlas_portraits_0
region_x = 0.76012380706732008
region_y = 0.48641370869033046
region_w = 0.16172298168687130
region_h = 0.26658506731946147

# -- Pasted from the override file --

w = 313.5
h = 544.5
padding_top = 0
padding_bottom = 0
padding_left = 0
padding_right = 0
