# Autogenerated by the atlas packer, do not modify

texture = atlas_portraits_0
region_x = 0.66830023213825118
region_y = 0.77992656058751531
region_w = 0.06499871034304874
region_h = 0.04724602203182374

# -- Pasted from the override file --

w = 126
h = 96.5
padding_top = 6.5
padding_bottom = 387
padding_left = 47
padding_right = 113
