# Autogenerated by the atlas packer, do not modify

texture = atlas_portraits_0
region_x = 0.91450648055832506
region_y = 0.58599202392821537
region_w = 0.04661016949152542
region_h = 0.04910269192422732
w = 93.5
h = 98.5
padding_top = 6.5
padding_bottom = 385
padding_left = 111
padding_right = 81.5