# Autogenerated by the atlas packer, do not modify

texture = atlas_portraits_0
region_x = 0.91450648055832506
region_y = 0.26103216155572179
region_w = 0.05932203389830509
region_h = 0.04761904761904762

# -- Pasted from the override file --

w = 119
h = 95.5
padding_top = 7
padding_bottom = 387.5
padding_left = 56
padding_right = 111
