# Autogenerated by the atlas packer, do not modify

texture = atlas_portraits_0
region_x = 0.57452642073778659
region_y = 0.50685614559960113
region_w = 0.14257228315054835
region_h = 0.24432809773123909

# -- Pasted from the override file --

w = 286
h = 490
padding_top = 0
padding_bottom = 0
padding_left = 32
padding_right = -32
