# Autogenerated by the atlas packer, do not modify

texture = atlas_portraits_0
region_x = 0.13515604849110135
region_y = 0.49816401468788252
region_w = 0.06009801392829507
region_h = 0.05189718482252142

# -- Pasted from the override file --

w = 116.5
h = 106
padding_top = -4.5
padding_bottom = 388.5
padding_left = 57
padding_right = 112.5
