# Autogenerated by the atlas packer, do not modify

texture = atlas_portraits_0
region_x = 0.91450648055832506
region_y = 0.60408875592121669
region_w = 0.03763708873379860
region_h = 0.04288207429568686

# -- Pasted from the override file --

w = 75.5
h = 86
padding_top = 49.5
padding_bottom = 354.5
padding_left = 95
padding_right = 115.5
