# Autogenerated by the atlas packer, do not modify

texture = atlas_portraits_0
region_x = 0.91450648055832506
region_y = 0.84521435692921232
region_w = 0.03265204386839481
region_h = 0.03015952143569292
w = 65.5
h = 60.5
padding_top = 41
padding_bottom = 388.5
padding_left = 109.5
padding_right = 111