# Autogenerated by the atlas packer, do not modify

texture = atlas_portraits_0
region_x = 0.60020634511220017
region_y = 0.11040391676866584
region_w = 0.03172556100077380
region_h = 0.02717258261933905

# -- Pasted from the override file --

w = 61.5
h = 55.5
padding_top = 46
padding_bottom = 388.5
padding_left = 113.5
padding_right = 111
