# Autogenerated by the atlas packer, do not modify

texture = atlas_portraits_0
region_x = 0.91450648055832506
region_y = 0.81380857427716846
region_w = 0.03265204386839481
region_h = 0.03040877367896311
w = 65.5
h = 61
padding_top = 41
padding_bottom = 388
padding_left = 109.5
padding_right = 111