# Autogenerated by the atlas packer, do not modify

texture = atlas_portraits_0
region_x = 0.13515604849110135
region_y = 0.55104039167686658
region_w = 0.06138767087954604
region_h = 0.04675642594859241

# -- Pasted from the override file --

w = 119
h = 95.5
padding_top = 7
padding_bottom = 387.5
padding_left = 56
padding_right = 111
