# Autogenerated by the atlas packer, do not modify

texture = atlas_portraits_0
region_x = 0.91450648055832506
region_y = 0.26096709870388834
region_w = 0.05932203389830509
region_h = 0.04760717846460618
w = 119
h = 95.5
padding_top = 7
padding_bottom = 387.5
padding_left = 56
padding_right = 111