# Autogenerated by the atlas packer, do not modify

texture = atlas_portraits_0
region_x = 0.29816868712922362
region_y = 0.25238678090575273
region_w = 0.14753675522311066
region_h = 0.23990208078335373

# -- Pasted from the override file --

w = 286
h = 490
padding_top = 0
padding_bottom = 0
padding_left = 32
padding_right = -32
