# Autogenerated by the atlas packer, do not modify

texture = atlas_portraits_0
region_x = 0.91450648055832506
region_y = 0.95213163799551237
region_w = 0.02891326021934197
region_h = 0.02792321116928447

# -- Pasted from the override file --

w = 58
h = 56
padding_top = 45.5
padding_bottom = 388.5
padding_left = 111.5
padding_right = 116.5
