# Autogenerated by the atlas packer, do not modify

texture = atlas_portraits_0
region_x = 0.91450648055832506
region_y = 0.67996011964107672
region_w = 0.03514456630109671
region_h = 0.02941176470588235
w = 70.5
h = 59
padding_top = 45.5
padding_bottom = 385.5
padding_left = 108.5
padding_right = 107