# Autogenerated by the atlas packer, do not modify

texture = atlas_portraits_0
region_x = 0.00051586278050039
region_y = 0.14883720930232558
region_w = 0.05184420944028888
region_h = 0.04749082007343941

# -- Pasted from the override file --

w = 100.5
h = 97
padding_top = 5
padding_bottom = 388
padding_left = 74.5
padding_right = 111
