# Autogenerated by the atlas packer, do not modify

texture = atlas_portraits_0
region_x = 0.91450648055832506
region_y = 0.15254237288135594
region_w = 0.06281156530408774
region_h = 0.04810568295114656
w = 126
h = 96.5
padding_top = 6.5
padding_bottom = 387
padding_left = 47
padding_right = 113