# Autogenerated by the atlas packer, do not modify

texture = atlas_portraits_0
region_x = 0.00051586278050039
region_y = 0.10575275397796817
region_w = 0.03894763992777921
region_h = 0.04210526315789474

# -- Pasted from the override file --

w = 75.5
h = 86
padding_top = 49.5
padding_bottom = 354.5
padding_left = 95
padding_right = 115.5
