# Autogenerated by the atlas packer, do not modify

texture = atlas_portraits_0
region_x = 0.60020634511220017
region_y = 0.00048959608323133
region_w = 0.03636832602527728
region_h = 0.02888616891064872

# -- Pasted from the override file --

w = 70.5
h = 59
padding_top = 45.5
padding_bottom = 385.5
padding_left = 108.5
padding_right = 107
