# Autogenerated by the atlas packer, do not modify

texture = atlas_portraits_0
region_x = 0.60020634511220017
region_y = 0.03035495716034272
region_w = 0.03378901212277534
region_h = 0.02986536107711138

# -- Pasted from the override file --

w = 65.5
h = 61
padding_top = 41
padding_bottom = 388
padding_left = 109.5
padding_right = 111
