# Autogenerated by the atlas packer, do not modify

texture = atlas_portraits_0
region_x = 0.54586241276171488
region_y = 0.30466217900772874
region_w = 0.02666999002991027
region_h = 0.02443280977312391

# -- Pasted from the override file --

w = 53.5
h = 49
padding_top = 53.5
padding_bottom = 387.5
padding_left = 115
padding_right = 117.5
