# Autogenerated by the atlas packer, do not modify

texture = atlas_portraits_0
region_x = 0.91450648055832506
region_y = 0.81326352530541013
region_w = 0.03265204386839481
region_h = 0.03016704063824483

# -- Pasted from the override file --

w = 65.5
h = 60.5
padding_top = 41
padding_bottom = 388.5
padding_left = 109.5
padding_right = 111
