# Autogenerated by the atlas packer, do not modify

texture = atlas_portraits_0
region_x = 0.91450648055832506
region_y = 0.30957128614157525
region_w = 0.05807577268195414
region_h = 0.05284147557328016
w = 116.5
h = 106
padding_top = -4.5
padding_bottom = 388.5
padding_left = 57
padding_right = 112.5