# Autogenerated by the atlas packer, do not modify

texture = atlas_portraits_0
region_x = 0.00051586278050039
region_y = 0.07613219094247246
region_w = 0.02992004126902244
region_h = 0.02741738066095471

# -- Pasted from the override file --

w = 58
h = 56
padding_top = 45.5
padding_bottom = 388.5
padding_left = 111.5
padding_right = 116.5
