# Autogenerated by the atlas packer, do not modify

texture = atlas_portraits_0
region_x = 0.63296363167397474
region_y = 0.11040391676866584
region_w = 0.02759865875677070
region_h = 0.02399020807833537

# -- Pasted from the override file --

w = 53.5
h = 49
padding_top = 53.5
padding_bottom = 387.5
padding_left = 115
padding_right = 117.5
