# Autogenerated by the atlas packer, do not modify

texture = atlas_portraits_0
region_x = 0.04049522826928037
region_y = 0.10575275397796817
region_w = 0.03378901212277534
region_h = 0.02962056303549572

# -- Pasted from the override file --

w = 65.5
h = 60.5
padding_top = 41
padding_bottom = 388.5
padding_left = 109.5
padding_right = 111
