# Autogenerated by the atlas packer, do not modify

texture = atlas_portraits_0
region_x = 0.26271186440677968
region_y = 0.95014955134596213
region_w = 0.02991026919242273
region_h = 0.02791625124626122
w = 60
h = 56
padding_top = 45.5
padding_bottom = 388.5
padding_left = 111.5
padding_right = 114.5