# Autogenerated by the atlas packer, do not modify

texture = atlas_portraits_0
region_x = 0.60020634511220017
region_y = 0.06119951040391677
region_w = 0.04823316997678617
region_h = 0.04822521419828641

# -- Pasted from the override file --

w = 93.5
h = 98.5
padding_top = 6.5
padding_bottom = 385
padding_left = 111
padding_right = 81.5
