# Autogenerated by the atlas packer, do not modify

texture = atlas_portraits_0
region_x = 0.06704885343968096
region_y = 0.94639740713039144
region_w = 0.03065802592223330
region_h = 0.02767389678384443

# -- Pasted from the override file --

w = 61.5
h = 55.5
padding_top = 46
padding_bottom = 388.5
padding_left = 113.5
padding_right = 111
