# Autogenerated by the atlas packer, do not modify

texture = atlas_portraits_0
region_x = 0.19865403788634098
region_y = 0.94142572283150550
region_w = 0.03090727816550349
region_h = 0.02168494516450648
w = 62
h = 43.5
padding_top = 167.5
padding_bottom = 398.5
padding_left = 142.5
padding_right = 211.5