# Autogenerated by the atlas packer, do not modify

texture = atlas_portraits_0
region_x = 0.00049850448654038
region_y = 0.00049850448654038
region_w = 0.20737786640079761
region_h = 0.30383848454636092
w = 416
h = 609.5
padding_top = 120
padding_bottom = -120