# Autogenerated by the atlas packer, do not modify

texture = atlas_portraits_0
region_x = 0.91450648055832506
region_y = 0.76171485543369888
region_w = 0.03339980059820538
region_h = 0.02168494516450648
w = 67
h = 43.5
padding_top = 168
padding_bottom = 398
padding_left = 138
padding_right = 211