# Autogenerated by the atlas packer, do not modify

texture = atlas_portraits_0
region_x = 0.47532402791625122
region_y = 0.93519441674975079
region_w = 0.03090727816550349
region_h = 0.02243270189431705
w = 62
h = 45
padding_top = 167
padding_bottom = 397.5
padding_left = 142.5
padding_right = 211.5