# Autogenerated by the atlas packer, do not modify

texture = atlas_portraits_0
region_x = 0.91450648055832506
region_y = 0.90750436300174520
region_w = 0.03115653040877368
region_h = 0.02069309399152331

# -- Pasted from the override file --

w = 62.5
h = 41.5
padding_top = 169
padding_bottom = 399
padding_left = 142
padding_right = 211.5
