# Autogenerated by the atlas packer, do not modify

texture = atlas_portraits_0
region_x = 0.45757028630384317
region_y = 0.96719706242350056
region_w = 0.04204281661078153
region_h = 0.02717258261933905

# -- Pasted from the override file --

w = 81.5
h = 55.5
padding_top = 169.5
padding_bottom = 384.5
padding_left = 123
padding_right = 211.5
