# Autogenerated by the atlas packer, do not modify

texture = atlas_portraits_0
region_x = 0.31390250193448543
region_y = 0.97478580171358631
region_w = 0.03198349239102399
region_h = 0.02154222766217870

# -- Pasted from the override file --

w = 62
h = 44
padding_top = 167
padding_bottom = 398.5
padding_left = 142.5
padding_right = 211.5
