# Autogenerated by the atlas packer, do not modify

texture = atlas_portraits_0
region_x = 0.17148554336989033
region_y = 0.79087736789631102
region_w = 0.16999002991026918
region_h = 0.12786640079760717
w = 341
h = 256.5
padding_top = 267
padding_bottom = 86
padding_left = 70.5
padding_right = 4.5