# Autogenerated by the atlas packer, do not modify

texture = atlas_portraits_0
region_x = 0.00051586278050039
region_y = 0.02668298653610771
region_w = 0.03224142378127418
region_h = 0.02031823745410037

# -- Pasted from the override file --

w = 62.5
h = 41.5
padding_top = 169
padding_bottom = 399
padding_left = 142
padding_right = 211.5
