# Autogenerated by the atlas packer, do not modify

texture = atlas_portraits_0
region_x = 0.16739747227237556
region_y = 0.67686658506731945
region_w = 0.03198349239102399
region_h = 0.02129742962056303

# -- Pasted from the override file --

w = 62
h = 43.5
padding_top = 167.5
padding_bottom = 398.5
padding_left = 142.5
padding_right = 211.5
