# Autogenerated by the atlas packer, do not modify

texture = atlas_portraits_0
region_x = 0.55996904823316995
region_y = 0.53463892288861692
region_w = 0.03456280629352592
region_h = 0.02129742962056303

# -- Pasted from the override file --

w = 67
h = 43.5
padding_top = 168
padding_bottom = 398
padding_left = 138
padding_right = 211
