# Autogenerated by the atlas packer, do not modify

texture = atlas_portraits_0
region_x = 0.47532402791625122
region_y = 0.93542757417102962
region_w = 0.03090727816550349
region_h = 0.02169035153328347

# -- Pasted from the override file --

w = 62
h = 43.5
padding_top = 167.5
padding_bottom = 398.5
padding_left = 142.5
padding_right = 211.5
