# Autogenerated by the atlas packer, do not modify

texture = atlas_portraits_0
region_x = 0.59891668816094923
region_y = 0.83329253365973077
region_w = 0.17590920815063193
region_h = 0.12558139534883722

# -- Pasted from the override file --

w = 341
h = 256.5
padding_top = 267
padding_bottom = 86
padding_left = 70.5
padding_right = 4.5
