# Autogenerated by the atlas packer, do not modify

texture = atlas_portraits_0
region_x = 0.20887337986041873
region_y = 0.00049862877088008
region_w = 0.20737786640079761
region_h = 0.30391423585140864

# -- Pasted from the override file --

w = 416
h = 609.5
padding_top = 120
padding_bottom = -120
padding_left = 0
padding_right = 0
