# Autogenerated by the atlas packer, do not modify

texture = atlas_portraits_0
region_x = 0.91450648055832506
region_y = 0.92919471453502867
region_w = 0.03090727816550349
region_h = 0.02193966591872351

# -- Pasted from the override file --

w = 62
h = 44
padding_top = 167
padding_bottom = 398.5
padding_left = 142.5
padding_right = 211.5
