# Autogenerated by the atlas packer, do not modify

texture = atlas_portraits_0
region_x = 0.44673716791333506
region_y = 0.23525091799265607
region_w = 0.21459891668816095
region_h = 0.29840881272949815

# -- Pasted from the override file --

w = 416
h = 609.5
padding_top = 120
padding_bottom = -120
padding_left = 0
padding_right = 0
