# Autogenerated by the atlas packer, do not modify

texture = atlas_portraits_0
region_x = 0.19865403788634098
region_y = 0.91974077766699902
region_w = 0.03115653040877368
region_h = 0.02068793619142572
w = 62.5
h = 41.5
padding_top = 169
padding_bottom = 399
padding_left = 142
padding_right = 211.5