# Autogenerated by the atlas packer, do not modify

texture = atlas_portraits_0
region_x = 0.47532402791625122
region_y = 0.90653040877367896
region_w = 0.04062811565304088
region_h = 0.02766699900299103
w = 81.5
h = 55.5
padding_top = 169.5
padding_bottom = 384.5
padding_left = 123
padding_right = 211.5