# Autogenerated by the atlas packer, do not modify

texture = atlas_common_0
region_x = 0.11233211233211234
region_y = 0.38222222222222224
region_w = 0.04835164835164835
region_h = 0.09955555555555555

# -- Pasted from the override file --

w = 99
h = 112
