# Autogenerated by the atlas packer, do not modify

texture = atlas_common_0
region_x = 0.32093933463796476
region_y = 0.33644859813084110
region_w = 0.04843444227005871
region_h = 0.10467289719626169

# -- Pasted from the override file --

w = 99
h = 112
