# Autogenerated by the atlas packer, do not modify

texture = atlas_common_0
region_x = 0.88940429687500000
region_y = 0.52726218097447797
region_w = 0.04052734375000000
region_h = 0.07830626450116009
w = 83
h = 67.5
padding_top = 21.5
padding_bottom = 23
padding_left = 7
padding_right = 9