# Autogenerated by the atlas packer, do not modify

texture = atlas_common_0
region_x = 0.75097751710654936
region_y = 0.53923766816143492
region_w = 0.04056695992179863
region_h = 0.07567264573991031
w = 83
h = 67.5
padding_top = 21.5
padding_bottom = 23
padding_left = 7
padding_right = 9