# Autogenerated by the atlas packer, do not modify

texture = atlas_common_0
region_x = 0.65087890625000000
region_y = 0.11687087653157399
region_w = 0.04833984375000000
region_h = 0.10556079170593780

# -- Pasted from the override file --

w = 99
h = 112
