# Autogenerated by the atlas packer, do not modify

texture = atlas_common_0
region_x = 0.59302896416298478
region_y = 0.19425837320574163
region_w = 0.04860088365243004
region_h = 0.10717703349282297

# -- Pasted from the override file --

w = 99
h = 112
