# Autogenerated by the atlas packer, do not modify

texture = atlas_common_0
region_x = 0.44379276637341153
region_y = 0.10538116591928251
region_w = 0.10557184750733138
region_h = 0.11547085201793722
w = 216
h = 103
padding_top = 12.5
padding_bottom = 5.5
padding_left = 3.5
padding_right = 21.5