# Autogenerated by the atlas packer, do not modify

texture = atlas_common_0
region_x = 0.04004884004884005
region_y = 0.09066666666666667
region_w = 0.11770451770451770
region_h = 0.10755555555555556

# -- Pasted from the override file --

w = 241
h = 121
