# Autogenerated by the atlas packer, do not modify

texture = atlas_common_0
region_x = 0.44335937500000000
region_y = 0.10904872389791183
region_w = 0.10546875000000000
region_h = 0.11948955916473318
w = 216
h = 103
padding_top = 12.5
padding_bottom = 5.5
padding_left = 3.5
padding_right = 21.5