# Autogenerated by the atlas packer, do not modify

texture = atlas_common_0
region_x = 0.58154296875000000
region_y = 0.00096153846153846
region_w = 0.11767578125000000
region_h = 0.11634615384615385

# -- Pasted from the override file --

w = 241
h = 121
