# Autogenerated by the atlas packer, do not modify

texture = atlas_common_0
region_x = 0.79256360078277888
region_y = 0.00093457943925234
region_w = 0.11790606653620352
region_h = 0.11308411214953271

# -- Pasted from the override file --

w = 241
h = 121
