# Autogenerated by the atlas packer, do not modify

texture = atlas_common_0
region_x = 0.73490427098674527
region_y = 0.00095693779904306
region_w = 0.11831124202258222
region_h = 0.11578947368421053

# -- Pasted from the override file --

w = 241
h = 121
