# Autogenerated by the atlas packer, do not modify

texture = atlas_common_0
region_x = 0.79560439560439555
region_y = 0.03111111111111111
region_w = 0.12063492063492064
region_h = 0.08799999999999999

# -- Pasted from the override file --

w = 247
h = 99
