# Autogenerated by the atlas packer, do not modify

texture = atlas_common_0
region_x = 0.67074363992172215
region_y = 0.00093457943925234
region_w = 0.12084148727984344
region_h = 0.09252336448598131

# -- Pasted from the override file --

w = 247
h = 99
