# Autogenerated by the atlas packer, do not modify

texture = atlas_common_0
region_x = 0.55034213098729223
region_y = 0.10706278026905830
region_w = 0.09017595307917889
region_h = 0.10369955156950672
w = 184.5
h = 92.5
padding_top = 6
padding_bottom = 0.5
padding_left = 15
padding_right = 47.5