# Autogenerated by the atlas packer, do not modify

texture = atlas_common_0
region_x = 0.84179687500000000
region_y = 0.23557692307692307
region_w = 0.12060546875000000
region_h = 0.09519230769230769

# -- Pasted from the override file --

w = 247
h = 99
