# Autogenerated by the atlas packer, do not modify

texture = atlas_common_0
region_x = 0.54980468750000000
region_y = 0.11078886310904873
region_w = 0.09008789062500000
region_h = 0.10730858468677494
w = 184.5
h = 92.5
padding_top = 6
padding_bottom = 0.5
padding_left = 15
padding_right = 47.5