# Autogenerated by the atlas packer, do not modify

texture = atlas_common_0
region_x = 0.85419734904270983
region_y = 0.00095693779904306
region_w = 0.12125675012272950
region_h = 0.09473684210526316

# -- Pasted from the override file --

w = 247
h = 99
