# Autogenerated by the atlas packer, do not modify

texture = atlas_common_0
region_x = 0.12646484375000000
region_y = 0.19132893496701225
region_w = 0.18554687500000000
region_h = 0.09707822808671066

# -- Pasted from the override file --

w = 380
h = 103
