# Autogenerated by the atlas packer, do not modify

texture = atlas_common_0
region_x = 0.62402343750000000
region_y = 0.00116009280742459
region_w = 0.17529296875000000
region_h = 0.10730858468677494
w = 359
h = 92.5
padding_top = 8.5
padding_bottom = 2
padding_left = 5
padding_right = 16