# Autogenerated by the atlas packer, do not modify

texture = atlas_common_0
region_x = 0.62463343108504399
region_y = 0.00112107623318386
region_w = 0.17546432062561096
region_h = 0.10369955156950672
w = 359
h = 92.5
padding_top = 8.5
padding_bottom = 2
padding_left = 5
padding_right = 16