# Autogenerated by the atlas packer, do not modify

texture = atlas_common_0
region_x = 0.35886107020127639
region_y = 0.00095693779904306
region_w = 0.18654884634266078
region_h = 0.09856459330143541

# -- Pasted from the override file --

w = 380
h = 103
