# Autogenerated by the atlas packer, do not modify

texture = atlas_common_0
region_x = 0.23101343101343103
region_y = 0.00088888888888889
region_w = 0.18559218559218560
region_h = 0.09155555555555556

# -- Pasted from the override file --

w = 380
h = 103
