# Autogenerated by the atlas packer, do not modify

texture = atlas_common_0
region_x = 0.23140900195694716
region_y = 0.00093457943925234
region_w = 0.18590998043052837
region_h = 0.09626168224299066

# -- Pasted from the override file --

w = 380
h = 103
