# Autogenerated by the atlas packer, do not modify

texture = atlas_common_0
region_x = 0.65087890625000000
region_y = 0.23091423185673893
region_w = 0.18994140625000000
region_h = 0.09330819981149858

# -- Pasted from the override file --

w = 389
h = 99
