# Autogenerated by the atlas packer, do not modify

texture = atlas_common_0
region_x = 0.04004884004884005
region_y = 0.00088888888888889
region_w = 0.18998778998778998
region_h = 0.08799999999999999

# -- Pasted from the override file --

w = 389
h = 99
