# Autogenerated by the atlas packer, do not modify

texture = atlas_common_0
region_x = 0.44335937500000000
region_y = 0.00116009280742459
region_w = 0.17968750000000000
region_h = 0.10556844547563805
w = 368
h = 91
padding_top = 3.5
padding_bottom = 4.5
padding_left = 10.5
padding_right = 10.5