# Autogenerated by the atlas packer, do not modify

texture = atlas_common_0
region_x = 0.44379276637341153
region_y = 0.00112107623318386
region_w = 0.17986314760508310
region_h = 0.10201793721973094
w = 368
h = 91
padding_top = 3.5
padding_bottom = 4.5
padding_left = 10.5
padding_right = 10.5