# Autogenerated by the atlas packer, do not modify

texture = atlas_common_0
region_x = 0.16691212567501226
region_y = 0.00095693779904306
region_w = 0.19096710849288168
region_h = 0.09473684210526316

# -- Pasted from the override file --

w = 389
h = 99
