# Autogenerated by the atlas packer, do not modify

texture = atlas_common_0
region_x = 0.04011741682974559
region_y = 0.00093457943925234
region_w = 0.19031311154598826
region_h = 0.09252336448598131

# -- Pasted from the override file --

w = 389
h = 99
