# Autogenerated by the atlas packer, do not modify

texture = atlas_common_ui_0
region_x = 0.93181818181818177
region_y = 0.28345070422535212
region_w = 0.04040404040404041
region_h = 0.04929577464788732
w = 16
h = 14