# Autogenerated by the atlas packer, do not modify

texture = atlas_common_ui_0
region_x = 0.21875000000000000
region_y = 0.00295857988165680
region_w = 0.03846153846153846
region_h = 0.04437869822485207

# -- Pasted from the override file --

w = 16
h = 15
