# Autogenerated by the atlas packer, do not modify

texture = atlas_common_ui_0
region_x = 0.91919191919191923
region_y = 0.46654929577464788
region_w = 0.04040404040404041
region_h = 0.05281690140845070
w = 16
h = 15