# Autogenerated by the atlas packer, do not modify

texture = atlas_common_0
region_x = 0.72924804687500000
region_y = 0.50174013921113692
region_w = 0.02978515625000000
region_h = 0.11252900232018562
w = 61
h = 97
padding_top = 1.5
padding_bottom = 11.5
padding_left = 6.5
padding_right = 6.5