# Autogenerated by the atlas packer, do not modify

texture = atlas_common_0
region_x = 0.00049091801669121
region_y = 0.41961722488038278
region_w = 0.03632793323514973
region_h = 0.10526315789473684

# -- Pasted from the override file --

w = 74
h = 110
