# Autogenerated by the atlas packer, do not modify

texture = atlas_common_0
region_x = 0.18556701030927836
region_y = 0.46937799043062201
region_w = 0.03632793323514973
region_h = 0.10526315789473684

# -- Pasted from the override file --

w = 74
h = 110
