# Autogenerated by the atlas packer, do not modify

texture = atlas_common_0
region_x = 0.45017182130584193
region_y = 0.46411483253588515
region_w = 0.03632793323514973
region_h = 0.10526315789473684

# -- Pasted from the override file --

w = 74
h = 110
