# Autogenerated by the atlas packer, do not modify

texture = atlas_common_0
region_x = 0.00048828125000000
region_y = 0.60131950989632421
region_w = 0.03613281250000000
region_h = 0.10367577756833177

# -- Pasted from the override file --

w = 74
h = 110
