# Autogenerated by the atlas packer, do not modify

texture = atlas_common_0
region_x = 0.47311827956989250
region_y = 0.46973094170403590
region_w = 0.03225806451612903
region_h = 0.10818385650224215
w = 66
h = 96.5
padding_top = 1.5
padding_bottom = 12
padding_left = 4
padding_right = 4