# Autogenerated by the atlas packer, do not modify

texture = atlas_common_0
region_x = 0.64111328125000000
region_y = 0.39559164733178653
region_w = 0.02343750000000000
region_h = 0.11136890951276102
w = 48
h = 96
padding_top = 1.5
padding_bottom = 12.5
padding_left = 13
padding_right = 13