# Autogenerated by the atlas packer, do not modify

texture = atlas_common_0
region_x = 0.63905180840664710
region_y = 0.38228699551569506
region_w = 0.02492668621700880
region_h = 0.10706278026905830
w = 51
h = 95.5
padding_top = 1.5
padding_bottom = 13
padding_left = 11.5
padding_right = 11.5