# Autogenerated by the atlas packer, do not modify

texture = atlas_common_0
region_x = 0.69618395303326808
region_y = 0.44205607476635517
region_w = 0.03620352250489237
region_h = 0.10280373831775701

# -- Pasted from the override file --

w = 74
h = 110
