# Autogenerated by the atlas packer, do not modify

texture = atlas_common_0
region_x = 0.41674804687500000
region_y = 0.60961538461538467
region_w = 0.03613281250000000
region_h = 0.10576923076923077

# -- Pasted from the override file --

w = 74
h = 110
