# Autogenerated by the atlas packer, do not modify

texture = atlas_common_0
region_x = 0.79443359375000000
region_y = 0.46287703016241299
region_w = 0.03222656250000000
region_h = 0.11194895591647332
w = 66
h = 96.5
padding_top = 1.5
padding_bottom = 12
padding_left = 4
padding_right = 4