# Autogenerated by the atlas packer, do not modify

texture = atlas_common_0
region_x = 0.14100684261974586
region_y = 0.69506726457399104
region_w = 0.02126099706744868
region_h = 0.10818385650224215
w = 43.5
h = 96.5
padding_top = 1.5
padding_bottom = 12
padding_left = 15.5
padding_right = 15