# Autogenerated by the atlas packer, do not modify

texture = atlas_common_0
region_x = 0.05425219941348974
region_y = 0.41311659192825112
region_w = 0.03128054740957967
region_h = 0.11210762331838565
w = 64
h = 100
padding_top = 1.5
padding_bottom = 8.5
padding_left = 5
padding_right = 5