# Autogenerated by the atlas packer, do not modify

texture = atlas_common_0
region_x = 0.47070312500000000
region_y = 0.59278846153846154
region_w = 0.03613281250000000
region_h = 0.10576923076923077

# -- Pasted from the override file --

w = 74
h = 110
