# Autogenerated by the atlas packer, do not modify

texture = atlas_common_0
region_x = 0.47265625000000000
region_y = 0.36774941995359628
region_w = 0.03222656250000000
region_h = 0.11600928074245939
w = 66
h = 100
padding_top = 1.5
padding_bottom = 8.5
padding_left = 4
padding_right = 4