# Autogenerated by the atlas packer, do not modify

texture = atlas_common_0
region_x = 0.03784179687500000
region_y = 0.64907192575406036
region_w = 0.02490234375000000
region_h = 0.11078886310904873
w = 51
h = 95.5
padding_top = 1.5
padding_bottom = 13
padding_left = 11.5
padding_right = 11.5