# Autogenerated by the atlas packer, do not modify

texture = atlas_common_0
region_x = 0.97802734375000000
region_y = 0.54002320185614849
region_w = 0.02124023437500000
region_h = 0.11194895591647332
w = 43.5
h = 96.5
padding_top = 1.5
padding_bottom = 12
padding_left = 15.5
padding_right = 15