# Autogenerated by the atlas packer, do not modify

texture = atlas_common_0
region_x = 0.00048828125000000
region_y = 0.61346153846153850
region_w = 0.03613281250000000
region_h = 0.10576923076923077

# -- Pasted from the override file --

w = 74
h = 110
