# Autogenerated by the atlas packer, do not modify

texture = atlas_common_0
region_x = 0.50538160469667315
region_y = 0.44766355140186914
region_w = 0.03620352250489237
region_h = 0.10280373831775701

# -- Pasted from the override file --

w = 74
h = 110
