# Autogenerated by the atlas packer, do not modify

texture = atlas_common_0
region_x = 0.84249084249084250
region_y = 0.49333333333333335
region_w = 0.03614163614163615
region_h = 0.09777777777777778

# -- Pasted from the override file --

w = 74
h = 110
