# Autogenerated by the atlas packer, do not modify

texture = atlas_common_0
region_x = 0.47311827956989250
region_y = 0.35538116591928254
region_w = 0.03225806451612903
region_h = 0.11210762331838565
w = 66
h = 100
padding_top = 1.5
padding_bottom = 8.5
padding_left = 4
padding_right = 4