# Autogenerated by the atlas packer, do not modify

texture = atlas_common_0
region_x = 0.83113391984359730
region_y = 0.53923766816143492
region_w = 0.02785923753665689
region_h = 0.10874439461883408
w = 57
h = 97
padding_top = 1.5
padding_bottom = 11.5
padding_left = 8.5
padding_right = 8.5