# Autogenerated by the atlas packer, do not modify

texture = atlas_common_0
region_x = 0.38647460937500000
region_y = 0.51972157772621808
region_w = 0.02783203125000000
region_h = 0.11252900232018562
w = 57
h = 97
padding_top = 1.5
padding_bottom = 11.5
padding_left = 8.5
padding_right = 8.5