# Autogenerated by the atlas packer, do not modify

texture = atlas_common_0
region_x = 0.72018572825024441
region_y = 0.50448430493273544
region_w = 0.02981427174975562
region_h = 0.10874439461883408
w = 61
h = 97
padding_top = 1.5
padding_bottom = 11.5
padding_left = 6.5
padding_right = 6.5