# Autogenerated by the atlas packer, do not modify

texture = atlas_common_0
region_x = 0.23022460937500000
region_y = 0.63996229971724783
region_w = 0.03613281250000000
region_h = 0.10367577756833177

# -- Pasted from the override file --

w = 74
h = 110
