# Autogenerated by the atlas packer, do not modify

texture = atlas_common_0
region_x = 0.60888671875000000
region_y = 0.39559164733178653
region_w = 0.03125000000000000
region_h = 0.11600928074245939
w = 64
h = 100
padding_top = 1.5
padding_bottom = 8.5
padding_left = 5
padding_right = 5