# Autogenerated by the atlas packer, do not modify

texture = atlas_common_0
region_x = 0.92514677103718201
region_y = 0.41214953271028038
region_w = 0.03620352250489237
region_h = 0.10280373831775701

# -- Pasted from the override file --

w = 74
h = 110
