# Autogenerated by the atlas packer, do not modify

texture = atlas_common_0
region_x = 0.00048875855327468
region_y = 0.63340807174887892
region_w = 0.02346041055718475
region_h = 0.10762331838565023
w = 48
h = 96
padding_top = 1.5
padding_bottom = 12.5
padding_left = 13
padding_right = 13