# Autogenerated by the atlas packer, do not modify

texture = atlas_common_0
region_x = 0.11233211233211234
region_y = 0.48355555555555557
region_w = 0.03614163614163615
region_h = 0.09777777777777778

# -- Pasted from the override file --

w = 74
h = 110
