# Autogenerated by the atlas packer, do not modify

texture = atlas_common_0
region_x = 0.66601562500000000
region_y = 0.39269141531322505
region_w = 0.02832031250000000
region_h = 0.12877030162412992
w = 58
h = 111
padding_top = 5
padding_bottom = 9
padding_left = 9
padding_right = 5