# Autogenerated by the atlas packer, do not modify

texture = atlas_common_0
region_x = 0.78735351562500000
region_y = 0.66538461538461535
region_w = 0.03515625000000000
region_h = 0.12019230769230770

# -- Pasted from the override file --

w = 72
h = 125
