# Autogenerated by the atlas packer, do not modify

texture = atlas_common_0
region_x = 0.95450097847358117
region_y = 0.29345794392523367
region_w = 0.03522504892367906
region_h = 0.11682242990654206

# -- Pasted from the override file --

w = 72
h = 125
