# Autogenerated by the atlas packer, do not modify

texture = atlas_common_0
region_x = 0.60948191593352885
region_y = 0.38228699551569506
region_w = 0.02859237536656891
region_h = 0.12443946188340807
w = 58.5
h = 111
padding_top = 5
padding_bottom = 9
padding_left = 9
padding_right = 4.5