# Autogenerated by the atlas packer, do not modify

texture = atlas_common_0
region_x = 0.36288156288156287
region_y = 0.31111111111111112
region_w = 0.03516483516483516
region_h = 0.11111111111111110

# -- Pasted from the override file --

w = 72
h = 125
