# Autogenerated by the atlas packer, do not modify

texture = atlas_common_0
region_x = 0.94208211143695020
region_y = 0.39517937219730942
region_w = 0.02834799608993157
region_h = 0.12443946188340807
w = 58
h = 111
padding_top = 5
padding_bottom = 9
padding_left = 9
padding_right = 5