# Autogenerated by the atlas packer, do not modify

texture = atlas_common_0
region_x = 0.48776908023483367
region_y = 0.24205607476635513
region_w = 0.03522504892367906
region_h = 0.11682242990654206

# -- Pasted from the override file --

w = 72
h = 125
