# Autogenerated by the atlas packer, do not modify

texture = atlas_common_0
region_x = 0.26197458455522971
region_y = 0.37051569506726456
region_w = 0.02883675464320625
region_h = 0.12443946188340807
w = 59
h = 111
padding_top = 5
padding_bottom = 9
padding_left = 9
padding_right = 4