# Autogenerated by the atlas packer, do not modify

texture = atlas_common_0
region_x = 0.63819342169857629
region_y = 0.40765550239234449
region_w = 0.03534609720176730
region_h = 0.11961722488038277

# -- Pasted from the override file --

w = 72
h = 125
