# Autogenerated by the atlas packer, do not modify

texture = atlas_common_0
region_x = 0.76043200785468823
region_y = 0.37129186602870812
region_w = 0.03534609720176730
region_h = 0.11961722488038277

# -- Pasted from the override file --

w = 72
h = 125
