# Autogenerated by the atlas packer, do not modify

texture = atlas_common_0
region_x = 0.40527343750000000
region_y = 0.23549883990719259
region_w = 0.03271484375000000
region_h = 0.12877030162412992
w = 67
h = 111
padding_top = 5
padding_bottom = 9
padding_left = 2.5
padding_right = 2.5