# Autogenerated by the atlas packer, do not modify

texture = atlas_common_0
region_x = 0.82836914062500000
region_y = 0.43967517401392109
region_w = 0.02807617187500000
region_h = 0.12877030162412992
w = 57.5
h = 111
padding_top = 5
padding_bottom = 9
padding_left = 9
padding_right = 5.5