# Autogenerated by the atlas packer, do not modify

texture = atlas_common_0
region_x = 0.29936461388074292
region_y = 0.34753363228699552
region_w = 0.03274682306940371
region_h = 0.12443946188340807
w = 67
h = 111
padding_top = 5
padding_bottom = 9
padding_left = 2.5
padding_right = 2.5