# Autogenerated by the atlas packer, do not modify

texture = atlas_common_0
region_x = 0.79936461388074287
region_y = 0.44843049327354262
region_w = 0.02810361681329423
region_h = 0.12443946188340807
w = 57.5
h = 111
padding_top = 5
padding_bottom = 9
padding_left = 9
padding_right = 5.5