# Autogenerated by the atlas packer, do not modify

texture = atlas_common_0
region_x = 0.07619047619047620
region_y = 0.38222222222222224
region_w = 0.03516483516483516
region_h = 0.11111111111111110

# -- Pasted from the override file --

w = 72
h = 125
