# Autogenerated by the atlas packer, do not modify

texture = atlas_common_0
region_x = 0.73291015625000000
region_y = 0.67577756833176250
region_w = 0.03515625000000000
region_h = 0.11781338360037701

# -- Pasted from the override file --

w = 72
h = 125
