# Autogenerated by the atlas packer, do not modify

texture = atlas_common_0
region_x = 0.24224664224664225
region_y = 0.37244444444444447
region_w = 0.03516483516483516
region_h = 0.11111111111111110

# -- Pasted from the override file --

w = 72
h = 125
