# Autogenerated by the atlas packer, do not modify

texture = atlas_common_0
region_x = 0.17839687194525905
region_y = 0.39293721973094170
region_w = 0.02859237536656891
region_h = 0.12443946188340807
w = 58.5
h = 111
padding_top = 5
padding_bottom = 9
padding_left = 9
padding_right = 4.5