# Autogenerated by the atlas packer, do not modify

texture = atlas_common_0
region_x = 0.07983398437500000
region_y = 0.68028846153846156
region_w = 0.03515625000000000
region_h = 0.12019230769230770

# -- Pasted from the override file --

w = 72
h = 125
