# Autogenerated by the atlas packer, do not modify

texture = atlas_common_0
region_x = 0.26147460937500000
region_y = 0.38341067285382829
region_w = 0.02856445312500000
region_h = 0.12877030162412992
w = 58.5
h = 111
padding_top = 5
padding_bottom = 9
padding_left = 9
padding_right = 4.5