# Autogenerated by the atlas packer, do not modify

texture = atlas_common_0
region_x = 0.96170839469808544
region_y = 0.25645933014354066
region_w = 0.03534609720176730
region_h = 0.11961722488038277

# -- Pasted from the override file --

w = 72
h = 125
