# Autogenerated by the atlas packer, do not modify

texture = atlas_common_0
region_x = 0.07658321060382917
region_y = 0.35502392344497608
region_w = 0.03534609720176730
region_h = 0.11961722488038277

# -- Pasted from the override file --

w = 72
h = 125
