# Autogenerated by the atlas packer, do not modify

texture = atlas_common_0
region_x = 0.96948242187500000
region_y = 0.18387470997679814
region_w = 0.02880859375000000
region_h = 0.12877030162412992
w = 59
h = 111
padding_top = 5
padding_bottom = 9
padding_left = 9
padding_right = 4