# Autogenerated by the atlas packer, do not modify

texture = atlas_common_0
region_x = 0.02954101562500000
region_y = 0.42865429234338748
region_w = 0.02246093750000000
region_h = 0.10788863109048724
w = 46
h = 93
padding_top = 4
padding_bottom = 3
padding_left = 2.5
padding_right = 1.5