# Autogenerated by the atlas packer, do not modify

texture = atlas_common_0
region_x = 0.10166177908113393
region_y = 0.29035874439461884
region_w = 0.02272727272727273
region_h = 0.10538116591928251
w = 46.5
h = 94
padding_top = 4.5
padding_bottom = 1.5
padding_left = 3.5