# Autogenerated by the atlas packer, do not modify

texture = atlas_common_0
region_x = 0.64526367187500000
region_y = 0.70475638051044087
region_w = 0.01806640625000000
region_h = 0.10904872389791183
w = 37
h = 94
padding_top = 3.5
padding_bottom = 2.5
padding_left = 5.5
padding_right = 7.5