# Autogenerated by the atlas packer, do not modify

texture = atlas_common_0
region_x = 0.34980430528375733
region_y = 0.64112149532710283
region_w = 0.02446183953033268
region_h = 0.09345794392523364

# -- Pasted from the override file --

w = 50
h = 100
