# Autogenerated by the atlas packer, do not modify

texture = atlas_common_0
region_x = 0.34594726562500000
region_y = 0.83506126295947225
region_w = 0.02441406250000000
region_h = 0.09425070688030160

# -- Pasted from the override file --

w = 50
h = 100
