# Autogenerated by the atlas packer, do not modify

texture = atlas_common_0
region_x = 0.30957031250000000
region_y = 0.70301624129930396
region_w = 0.02075195312500000
region_h = 0.10498839907192575
w = 42.5
h = 90.5
padding_top = 6.5
padding_bottom = 3
padding_left = 3
padding_right = 4.5