# Autogenerated by the atlas packer, do not modify

texture = atlas_common_0
region_x = 0.35826001955034215
region_y = 0.68946188340807180
region_w = 0.02248289345063539
region_h = 0.10426008968609865
w = 46
h = 93
padding_top = 4
padding_bottom = 3
padding_left = 2.5
padding_right = 1.5