# Autogenerated by the atlas packer, do not modify

texture = atlas_common_0
region_x = 0.68444227005870839
region_y = 0.64205607476635518
region_w = 0.02446183953033268
region_h = 0.09345794392523364

# -- Pasted from the override file --

w = 50
h = 100
