# Autogenerated by the atlas packer, do not modify

texture = atlas_common_0
region_x = 0.15775335775335775
region_y = 0.58844444444444444
region_w = 0.02442002442002442
region_h = 0.08888888888888889

# -- Pasted from the override file --

w = 50
h = 100
