# Autogenerated by the atlas packer, do not modify

texture = atlas_common_0
region_x = 0.97802734375000000
region_y = 0.65429234338747100
region_w = 0.02050781250000000
region_h = 0.10904872389791183
w = 42
h = 94
padding_top = 4.5
padding_bottom = 1.5
padding_left = 4.5
padding_right = 3.5