# Autogenerated by the atlas packer, do not modify

texture = atlas_common_0
region_x = 0.74731182795698925
region_y = 0.70459641255605376
region_w = 0.01955034213098729
region_h = 0.10538116591928251
w = 40
h = 94
padding_top = 3.5
padding_bottom = 2.5
padding_left = 3.5
padding_right = 6.5