# Autogenerated by the atlas packer, do not modify

texture = atlas_common_0
region_x = 0.03274682306940371
region_y = 0.41423766816143498
region_w = 0.02052785923753666
region_h = 0.10538116591928251
w = 42
h = 94
padding_top = 4.5
padding_bottom = 1.5
padding_left = 4.5
padding_right = 3.5