# Autogenerated by the atlas packer, do not modify

texture = atlas_common_0
region_x = 0.26733398437500000
region_y = 0.85192307692307689
region_w = 0.02441406250000000
region_h = 0.09615384615384616

# -- Pasted from the override file --

w = 50
h = 100
