# Autogenerated by the atlas packer, do not modify

texture = atlas_common_0
region_x = 0.87390029325513197
region_y = 0.69394618834080712
region_w = 0.02223851417399805
region_h = 0.10426008968609865
w = 45.5
h = 93
padding_top = 5
padding_bottom = 2
padding_left = 3
padding_right = 1.5