# Autogenerated by the atlas packer, do not modify

texture = atlas_common_0
region_x = 0.88452148437500000
region_y = 0.69953596287703013
region_w = 0.01953125000000000
region_h = 0.10904872389791183
w = 40
h = 94
padding_top = 3.5
padding_bottom = 2.5
padding_left = 3.5
padding_right = 6.5