# Autogenerated by the atlas packer, do not modify

texture = atlas_common_0
region_x = 0.64125122189638317
region_y = 0.78531390134529144
region_w = 0.01686217008797654
region_h = 0.10538116591928251
w = 34.5
h = 94
padding_top = 3.5
padding_bottom = 2.5
padding_left = 8
padding_right = 7.5