# Autogenerated by the atlas packer, do not modify

texture = atlas_common_0
region_x = 0.20430107526881722
region_y = 0.72813901345291476
region_w = 0.01808406647116325
region_h = 0.10538116591928251
w = 37
h = 94
padding_top = 3.5
padding_bottom = 2.5
padding_left = 5.5
padding_right = 7.5