# Autogenerated by the atlas packer, do not modify

texture = atlas_common_0
region_x = 0.16324535679374388
region_y = 0.69506726457399104
region_w = 0.01955034213098729
region_h = 0.10538116591928251
w = 40
h = 94
padding_top = 3.5
padding_bottom = 2.5
padding_left = 3.5
padding_right = 6.5