# Autogenerated by the atlas packer, do not modify

texture = atlas_common_0
region_x = 0.97128129602356406
region_y = 0.77464114832535880
region_w = 0.02454590083456063
region_h = 0.09569377990430622

# -- Pasted from the override file --

w = 50
h = 100
