# Autogenerated by the atlas packer, do not modify

texture = atlas_common_0
region_x = 0.91927592954990212
region_y = 0.61214953271028039
region_w = 0.02446183953033268
region_h = 0.09345794392523364

# -- Pasted from the override file --

w = 50
h = 100
