# Autogenerated by the atlas packer, do not modify

texture = atlas_common_0
region_x = 0.20796676441837733
region_y = 0.39293721973094170
region_w = 0.02077223851417400
region_h = 0.10145739910313901
w = 42.5
h = 90.5
padding_top = 6.5
padding_bottom = 3
padding_left = 3
padding_right = 4.5