# Autogenerated by the atlas packer, do not modify

texture = atlas_common_0
region_x = 0.20117187500000000
region_y = 0.71345707656612534
region_w = 0.01757812500000000
region_h = 0.10904872389791183
w = 36
h = 94
padding_top = 3.5
padding_bottom = 2.5
padding_left = 6.5
padding_right = 7.5