# Autogenerated by the atlas packer, do not modify

texture = atlas_common_0
region_x = 0.67741935483870963
region_y = 0.71188340807174888
region_w = 0.01881720430107527
region_h = 0.10538116591928251
w = 38.5
h = 94
padding_top = 3.5
padding_bottom = 2.5
padding_left = 5.5
padding_right = 6