# Autogenerated by the atlas packer, do not modify

texture = atlas_common_0
region_x = 0.95776367187500000
region_y = 0.70417633410672853
region_w = 0.01879882812500000
region_h = 0.10904872389791183
w = 38.5
h = 94
padding_top = 3.5
padding_bottom = 2.5
padding_left = 5.5
padding_right = 6