# Autogenerated by the atlas packer, do not modify

texture = atlas_common_0
region_x = 0.76435935198821792
region_y = 0.76794258373205737
region_w = 0.02454590083456063
region_h = 0.09569377990430622

# -- Pasted from the override file --

w = 50
h = 100
