# Autogenerated by the atlas packer, do not modify

texture = atlas_common_0
region_x = 0.70532226562500000
region_y = 0.72795823665893267
region_w = 0.01684570312500000
region_h = 0.10904872389791183
w = 34.5
h = 94
padding_top = 3.5
padding_bottom = 2.5
padding_left = 8
padding_right = 7.5