# Autogenerated by the atlas packer, do not modify

texture = atlas_common_0
region_x = 0.78641251221896380
region_y = 0.74327354260089684
region_w = 0.01759530791788856
region_h = 0.10538116591928251
w = 36
h = 94
padding_top = 3.5
padding_bottom = 2.5
padding_left = 6.5
padding_right = 7.5