# Autogenerated by the atlas packer, do not modify

texture = atlas_common_0
region_x = 0.10156250000000000
region_y = 0.30046403712296982
region_w = 0.02270507812500000
region_h = 0.10904872389791183
w = 46.5
h = 94
padding_top = 4.5
padding_bottom = 1.5
padding_left = 3.5