# Autogenerated by the atlas packer, do not modify

texture = atlas_common_0
region_x = 0.76196289062500000
region_y = 0.69083526682134566
region_w = 0.02221679687500000
region_h = 0.10788863109048724
w = 45.5
h = 93
padding_top = 5
padding_bottom = 2
padding_left = 3
padding_right = 1.5