# Autogenerated by the atlas packer, do not modify

texture = atlas_common_0
region_x = 0.24046920821114370
region_y = 0.49719730941704038
region_w = 0.03176930596285435
region_h = 0.10369955156950672
w = 65
h = 92.5
padding_top = 15.5
padding_bottom = 2
padding_left = 13
padding_right = 12