# Autogenerated by the atlas packer, do not modify

texture = atlas_common_0
region_x = 0.69531250000000000
region_y = 0.52030162412993042
region_w = 0.03002929687500000
region_h = 0.10614849187935035
w = 61.5
h = 91.5
padding_top = 16.5
padding_bottom = 2
padding_left = 15
padding_right = 13.5