# Autogenerated by the atlas packer, do not modify

texture = atlas_common_0
region_x = 0.88905180840664710
region_y = 0.50392376681614348
region_w = 0.03103616813294233
region_h = 0.10482062780269058
w = 63.5
h = 93.5
padding_top = 14.5
padding_bottom = 2
padding_left = 13.5
padding_right = 13