# Autogenerated by the atlas packer, do not modify

texture = atlas_common_0
region_x = 0.47265625000000000
region_y = 0.48607888631090485
region_w = 0.03149414062500000
region_h = 0.10846867749419954
w = 64.5
h = 93.5
padding_top = 14.5
padding_bottom = 2
padding_left = 13.5
padding_right = 12