# Autogenerated by the atlas packer, do not modify

texture = atlas_common_0
region_x = 0.20796676441837733
region_y = 0.49719730941704038
region_w = 0.03152492668621701
region_h = 0.10482062780269058
w = 64.5
h = 93.5
padding_top = 14.5
padding_bottom = 2
padding_left = 13.5
padding_right = 12