# Autogenerated by the atlas packer, do not modify

texture = atlas_common_0
region_x = 0.36730205278592376
region_y = 0.35538116591928254
region_w = 0.03176930596285435
region_h = 0.11603139013452915
w = 65
h = 103.5
padding_top = 2.5
padding_bottom = 4
padding_left = 13
padding_right = 12