# Autogenerated by the atlas packer, do not modify

texture = atlas_common_0
region_x = 0.33276367187500000
region_y = 0.36774941995359628
region_w = 0.03320312500000000
region_h = 0.11600928074245939
w = 68
h = 100
padding_top = 8
padding_bottom = 2
padding_left = 11.5
padding_right = 10.5