# Autogenerated by the atlas packer, do not modify

texture = atlas_common_0
region_x = 0.36694335937500000
region_y = 0.36774941995359628
region_w = 0.03173828125000000
region_h = 0.12006960556844548
w = 65
h = 103.5
padding_top = 2.5
padding_bottom = 4
padding_left = 13
padding_right = 12