# Autogenerated by the atlas packer, do not modify

texture = atlas_common_0
region_x = 0.90786901270772236
region_y = 0.39517937219730942
region_w = 0.03323558162267840
region_h = 0.10650224215246637
w = 68
h = 95
padding_top = 13
padding_bottom = 2
padding_left = 11.5
padding_right = 10.5