# Autogenerated by the atlas packer, do not modify

texture = atlas_common_0
region_x = 0.92106549364613877
region_y = 0.52186098654708524
region_w = 0.02956989247311828
region_h = 0.10538116591928251
w = 60.5
h = 94
padding_top = 14
padding_bottom = 2
padding_left = 15
padding_right = 14.5