# Autogenerated by the atlas packer, do not modify

texture = atlas_common_0
region_x = 0.41699218750000000
region_y = 0.49419953596287702
region_w = 0.03173828125000000
region_h = 0.10730858468677494
w = 65
h = 92.5
padding_top = 15.5
padding_bottom = 2
padding_left = 13
padding_right = 12