# Autogenerated by the atlas packer, do not modify

texture = atlas_common_0
region_x = 0.00048875855327468
region_y = 0.52858744394618840
region_w = 0.03005865102639296
region_h = 0.10257847533632287
w = 61.5
h = 91.5
padding_top = 16.5
padding_bottom = 2
padding_left = 15
padding_right = 13.5