# Autogenerated by the atlas packer, do not modify

texture = atlas_common_0
region_x = 0.00048840048840049
region_y = 0.42133333333333334
region_w = 0.04395604395604396
region_h = 0.09777777777777778

# -- Pasted from the override file --

w = 90
h = 110
