# Autogenerated by the atlas packer, do not modify

texture = atlas_common_0
region_x = 0.04541015625000000
region_y = 0.24903846153846154
region_w = 0.04394531250000000
region_h = 0.10576923076923077

# -- Pasted from the override file --

w = 90
h = 110
