# Autogenerated by the atlas packer, do not modify

texture = atlas_common_0
region_x = 0.46037181996086107
region_y = 0.36074766355140186
region_w = 0.04403131115459882
region_h = 0.10280373831775701

# -- Pasted from the override file --

w = 90
h = 110
