# Autogenerated by the atlas packer, do not modify

texture = atlas_common_0
region_x = 0.21044921875000000
region_y = 0.51450116009280744
region_w = 0.02954101562500000
region_h = 0.10904872389791183
w = 60.5
h = 94
padding_top = 14
padding_bottom = 2
padding_left = 15
padding_right = 14.5