# Autogenerated by the atlas packer, do not modify

texture = atlas_common_0
region_x = 0.13013698630136986
region_y = 0.36121495327102804
region_w = 0.04403131115459882
region_h = 0.10280373831775701

# -- Pasted from the override file --

w = 90
h = 110
