# Autogenerated by the atlas packer, do not modify

texture = atlas_common_0
region_x = 0.57519531250000000
region_y = 0.47969837587006958
region_w = 0.03222656250000000
region_h = 0.10846867749419954
w = 66
h = 93.5
padding_top = 14.5
padding_bottom = 2
padding_left = 12
padding_right = 12