# Autogenerated by the atlas packer, do not modify

texture = atlas_common_0
region_x = 0.72924804687500000
region_y = 0.38921113689095127
region_w = 0.03320312500000000
region_h = 0.11020881670533643
w = 68
h = 95
padding_top = 13
padding_bottom = 2
padding_left = 11.5
padding_right = 10.5