# Autogenerated by the atlas packer, do not modify

texture = atlas_common_0
region_x = 0.40566959921798629
region_y = 0.35426008968609868
region_w = 0.03225806451612903
region_h = 0.11434977578475336
w = 66
h = 102
padding_top = 2.5
padding_bottom = 5.5
padding_left = 12
padding_right = 12