# Autogenerated by the atlas packer, do not modify

texture = atlas_common_0
region_x = 0.18017578125000000
region_y = 0.29615384615384616
region_w = 0.04394531250000000
region_h = 0.10576923076923077

# -- Pasted from the override file --

w = 90
h = 110
