# Autogenerated by the atlas packer, do not modify

texture = atlas_common_0
region_x = 0.76196289062500000
region_y = 0.58526682134570762
region_w = 0.02954101562500000
region_h = 0.10324825986078887
w = 60.5
h = 89
padding_top = 17.5
padding_bottom = 3.5
padding_left = 15
padding_right = 14.5