# Autogenerated by the atlas packer, do not modify

texture = atlas_common_0
region_x = 0.33308895405669597
region_y = 0.46973094170403590
region_w = 0.03005865102639296
region_h = 0.11603139013452915
w = 61.5
h = 103.5
padding_top = 2.5
padding_bottom = 4
padding_left = 15
padding_right = 13.5