# Autogenerated by the atlas packer, do not modify

texture = atlas_common_0
region_x = 0.84290623465881198
region_y = 0.31578947368421051
region_w = 0.04418262150220913
region_h = 0.10526315789473684

# -- Pasted from the override file --

w = 90
h = 110
