# Autogenerated by the atlas packer, do not modify

texture = atlas_common_0
region_x = 0.43084066471163246
region_y = 0.58464125560538116
region_w = 0.02956989247311828
region_h = 0.09977578475336323
w = 60.5
h = 89
padding_top = 17.5
padding_bottom = 3.5
padding_left = 15
padding_right = 14.5