# Autogenerated by the atlas packer, do not modify

texture = atlas_common_0
region_x = 0.76342773437500000
region_y = 0.46287703016241299
region_w = 0.03002929687500000
region_h = 0.12006960556844548
w = 61.5
h = 103.5
padding_top = 2.5
padding_bottom = 4
padding_left = 15
padding_right = 13.5