# Autogenerated by the atlas packer, do not modify

texture = atlas_common_0
region_x = 0.42822265625000000
region_y = 0.23845428840716307
region_w = 0.04394531250000000
region_h = 0.10367577756833177

# -- Pasted from the override file --

w = 90
h = 110
