# Autogenerated by the atlas packer, do not modify

texture = atlas_common_0
region_x = 0.33308895405669597
region_y = 0.35538116591928254
region_w = 0.03323558162267840
region_h = 0.11210762331838565
w = 68
h = 100
padding_top = 8
padding_bottom = 2
padding_left = 11.5
padding_right = 10.5