# Autogenerated by the atlas packer, do not modify

texture = atlas_common_0
region_x = 0.40527343750000000
region_y = 0.36658932714617171
region_w = 0.03222656250000000
region_h = 0.11832946635730858
w = 66
h = 102
padding_top = 2.5
padding_bottom = 5.5
padding_left = 12
padding_right = 12