# Autogenerated by the atlas packer, do not modify

texture = atlas_common_0
region_x = 0.52397260273972601
region_y = 0.34299065420560748
region_w = 0.04403131115459882
region_h = 0.10280373831775701

# -- Pasted from the override file --

w = 90
h = 110
