# Autogenerated by the atlas packer, do not modify

texture = atlas_common_0
region_x = 0.59302896416298478
region_y = 0.30334928229665070
region_w = 0.04418262150220913
region_h = 0.10526315789473684

# -- Pasted from the override file --

w = 90
h = 110
