# Autogenerated by the atlas packer, do not modify

texture = atlas_common_0
region_x = 0.57470703125000000
region_y = 0.23185673892554196
region_w = 0.04394531250000000
region_h = 0.10367577756833177

# -- Pasted from the override file --

w = 90
h = 110
