# Autogenerated by the atlas packer, do not modify

texture = atlas_common_0
region_x = 0.85742187500000000
region_y = 0.49709976798143851
region_w = 0.03100585937500000
region_h = 0.10846867749419954
w = 63.5
h = 93.5
padding_top = 14.5
padding_bottom = 2
padding_left = 13.5
padding_right = 13