# Autogenerated by the atlas packer, do not modify

texture = atlas_common_0
region_x = 0.42864125122189639
region_y = 0.47757847533632286
region_w = 0.03225806451612903
region_h = 0.10482062780269058
w = 66
h = 93.5
padding_top = 14.5
padding_bottom = 2
padding_left = 12
padding_right = 12