# Autogenerated by the atlas packer, do not modify

texture = atlas_common_0
region_x = 0.50390625000000000
region_y = 0.23085846867749421
region_w = 0.03662109375000000
region_h = 0.13457076566125289
w = 75
h = 116
padding_top = 2
padding_bottom = 12
padding_left = 11
padding_right = 4