# Autogenerated by the atlas packer, do not modify

texture = atlas_common_0
region_x = 0.52978515625000000
region_y = 0.21206409048067862
region_w = 0.04394531250000000
region_h = 0.12252591894439209

# -- Pasted from the override file --

w = 90
h = 130
