# Autogenerated by the atlas packer, do not modify

texture = atlas_common_0
region_x = 0.94403534609720174
region_y = 0.13014354066985645
region_w = 0.04418262150220913
region_h = 0.12440191387559808

# -- Pasted from the override file --

w = 90
h = 130
