# Autogenerated by the atlas packer, do not modify

texture = atlas_common_0
region_x = 0.50439882697947214
region_y = 0.22309417040358745
region_w = 0.03665689149560118
region_h = 0.13004484304932734
w = 75
h = 116
padding_top = 2
padding_bottom = 12
padding_left = 11
padding_right = 4