# Autogenerated by the atlas packer, do not modify

texture = atlas_common_0
region_x = 0.33414872798434442
region_y = 0.21308411214953271
region_w = 0.04403131115459882
region_h = 0.12149532710280374

# -- Pasted from the override file --

w = 90
h = 130
