# Autogenerated by the atlas packer, do not modify

texture = atlas_common_0
region_x = 0.93821733821733821
region_y = 0.16977777777777778
region_w = 0.04395604395604396
region_h = 0.11555555555555555

# -- Pasted from the override file --

w = 90
h = 130
