# Autogenerated by the atlas packer, do not modify

texture = atlas_common_0
region_x = 0.57568359375000000
region_y = 0.23653846153846153
region_w = 0.04394531250000000
region_h = 0.12500000000000000

# -- Pasted from the override file --

w = 90
h = 130
