# Autogenerated by the atlas packer, do not modify

texture = atlas_common_0
region_x = 0.23875855327468232
region_y = 0.24663677130044842
region_w = 0.05962854349951124
region_h = 0.12163677130044843
w = 122
h = 108.5
padding_top = 11
padding_bottom = 0.5
padding_left = 9
padding_right = 9