# Autogenerated by the atlas packer, do not modify

texture = atlas_common_0
region_x = 0.54980468750000000
region_y = 0.22041763341067286
region_w = 0.06347656250000000
region_h = 0.12587006960556846
w = 130
h = 108.5
padding_top = 11
padding_bottom = 0.5
padding_left = 5
padding_right = 5