# Autogenerated by the atlas packer, do not modify

texture = atlas_common_0
region_x = 0.55034213098729223
region_y = 0.21300448430493274
region_w = 0.06353861192570870
region_h = 0.12163677130044843
w = 130
h = 108.5
padding_top = 11
padding_bottom = 0.5
padding_left = 5
padding_right = 5