# Autogenerated by the atlas packer, do not modify

texture = atlas_common_0
region_x = 0.44335937500000000
region_y = 0.23085846867749421
region_w = 0.05957031250000000
region_h = 0.12993039443155452
w = 122
h = 112
padding_top = 7.5
padding_bottom = 0.5
padding_left = 9
padding_right = 9