# Autogenerated by the atlas packer, do not modify

texture = atlas_common_0
region_x = 0.90820312500000000
region_y = 0.11826923076923077
region_w = 0.06835937500000000
region_h = 0.11538461538461539

# -- Pasted from the override file --

w = 140
h = 120
