# Autogenerated by the atlas packer, do not modify

texture = atlas_common_0
region_x = 0.44379276637341153
region_y = 0.22309417040358745
region_w = 0.05962854349951124
region_h = 0.12556053811659193
w = 122
h = 112
padding_top = 7.5
padding_bottom = 0.5
padding_left = 9
padding_right = 9