# Autogenerated by the atlas packer, do not modify

texture = atlas_common_0
region_x = 0.05425219941348974
region_y = 0.29035874439461884
region_w = 0.04643206256109482
region_h = 0.12051569506726457
w = 95
h = 107.5
padding_top = 12
padding_bottom = 0.5
padding_left = 22.5
padding_right = 22.5