# Autogenerated by the atlas packer, do not modify

texture = atlas_common_0
region_x = 0.24447717231222385
region_y = 0.09760765550239234
region_w = 0.06872852233676977
region_h = 0.11483253588516747

# -- Pasted from the override file --

w = 140
h = 120
