# Autogenerated by the atlas packer, do not modify

texture = atlas_common_0
region_x = 0.12646484375000000
region_y = 0.27842227378190254
region_w = 0.05078125000000000
region_h = 0.13167053364269141
w = 104
h = 113.5
padding_top = 6
padding_bottom = 0.5
padding_left = 18
padding_right = 18