# Autogenerated by the atlas packer, do not modify

texture = atlas_common_0
region_x = 0.25738705738705736
region_y = 0.26400000000000001
region_w = 0.06837606837606838
region_h = 0.10666666666666667

# -- Pasted from the override file --

w = 140
h = 120
