# Autogenerated by the atlas packer, do not modify

texture = atlas_common_0
region_x = 0.58154296875000000
region_y = 0.11687087653157399
region_w = 0.06835937500000000
region_h = 0.11310084825636192

# -- Pasted from the override file --

w = 140
h = 120
