# Autogenerated by the atlas packer, do not modify

texture = atlas_common_0
region_x = 0.23852539062500000
region_y = 0.25522041763341069
region_w = 0.05957031250000000
region_h = 0.12587006960556846
w = 122
h = 108.5
padding_top = 11
padding_bottom = 0.5
padding_left = 9
padding_right = 9