# Autogenerated by the atlas packer, do not modify

texture = atlas_common_0
region_x = 0.12658846529814272
region_y = 0.26905829596412556
region_w = 0.05083088954056696
region_h = 0.12724215246636772
w = 104
h = 113.5
padding_top = 6
padding_bottom = 0.5
padding_left = 18
padding_right = 18