# Autogenerated by the atlas packer, do not modify

texture = atlas_common_0
region_x = 0.00048875855327468
region_y = 0.29035874439461884
region_w = 0.05278592375366569
region_h = 0.12163677130044843
w = 108
h = 108.5
padding_top = 11
padding_bottom = 0.5
padding_left = 16
padding_right = 16