# Autogenerated by the atlas packer, do not modify

texture = atlas_common_0
region_x = 0.05419921875000000
region_y = 0.30046403712296982
region_w = 0.04638671875000000
region_h = 0.12470997679814386
w = 95
h = 107.5
padding_top = 12
padding_bottom = 0.5
padding_left = 22.5
padding_right = 22.5