# Autogenerated by the atlas packer, do not modify

texture = atlas_common_0
region_x = 0.04011741682974559
region_y = 0.12570093457943926
region_w = 0.06849315068493150
region_h = 0.11214953271028037

# -- Pasted from the override file --

w = 140
h = 120
