# Autogenerated by the atlas packer, do not modify

texture = atlas_common_0
region_x = 0.17822265625000000
region_y = 0.27842227378190254
region_w = 0.05273437500000000
region_h = 0.12587006960556846
w = 108
h = 108.5
padding_top = 11
padding_bottom = 0.5
padding_left = 16
padding_right = 16