# Autogenerated by the atlas packer, do not modify

texture = atlas_common_0
region_x = 0.83886718750000000
region_y = 0.00096153846153846
region_w = 0.06835937500000000
region_h = 0.11538461538461539

# -- Pasted from the override file --

w = 140
h = 120
