# Autogenerated by the atlas packer, do not modify

texture = atlas_common_0
region_x = 0.71673189823874750
region_y = 0.09532710280373832
region_w = 0.06849315068493150
region_h = 0.11214953271028037

# -- Pasted from the override file --

w = 140
h = 120
