# Autogenerated by the atlas packer, do not modify

texture = atlas_common_0
region_x = 0.19520547945205480
region_y = 0.21308411214953271
region_w = 0.06849315068493150
region_h = 0.11214953271028037

# -- Pasted from the override file --

w = 140
h = 120
