# Autogenerated by the atlas packer, do not modify

texture = atlas_common_0
region_x = 0.58154296875000000
region_y = 0.11923076923076924
region_w = 0.06835937500000000
region_h = 0.11538461538461539

# -- Pasted from the override file --

w = 140
h = 120
