# Autogenerated by the atlas packer, do not modify

texture = atlas_common_0
region_x = 0.86886446886446889
region_y = 0.16977777777777778
region_w = 0.06837606837606838
region_h = 0.10666666666666667

# -- Pasted from the override file --

w = 140
h = 120
