# Autogenerated by the atlas packer, do not modify

texture = atlas_common_0
region_x = 0.48498168498168498
region_y = 0.23022222222222222
region_w = 0.06837606837606838
region_h = 0.10666666666666667

# -- Pasted from the override file --

w = 140
h = 120
