# Autogenerated by the atlas packer, do not modify

texture = atlas_common_0
region_x = 0.34066471163245354
region_y = 0.88116591928251120
region_w = 0.01515151515151515
region_h = 0.08856502242152467
w = 31
h = 79
padding_top = 15.5
padding_bottom = 5.5
padding_left = 14
padding_right = 5