# Autogenerated by the atlas packer, do not modify

texture = atlas_common_0
region_x = 0.37524461839530332
region_y = 0.65607476635514017
region_w = 0.02446183953033268
region_h = 0.09345794392523364

# -- Pasted from the override file --

w = 50
h = 100
