# Autogenerated by the atlas packer, do not modify

texture = atlas_common_0
region_x = 0.89711632453567935
region_y = 0.78531390134529144
region_w = 0.01955034213098729
region_h = 0.09080717488789238
w = 40
h = 81
padding_top = 6.5
padding_bottom = 12.5
padding_left = 8.5
padding_right = 1.5