# Autogenerated by the atlas packer, do not modify

texture = atlas_common_0
region_x = 0.97998046875000000
region_y = 0.31496519721577726
region_w = 0.01757812500000000
region_h = 0.09164733178654293
w = 36
h = 79
padding_top = 15.5
padding_bottom = 5.5
padding_left = 7
padding_right = 7