# Autogenerated by the atlas packer, do not modify

texture = atlas_common_0
region_x = 0.05913978494623656
region_y = 0.86659192825112108
region_w = 0.01735092864125122
region_h = 0.08856502242152467
w = 35.5
h = 79
padding_top = 15.5
padding_bottom = 5.5
padding_left = 9
padding_right = 5.5