# Autogenerated by the atlas packer, do not modify

texture = atlas_common_0
region_x = 0.72507331378299122
region_y = 0.87556053811659196
region_w = 0.01564027370478983
region_h = 0.08856502242152467
w = 32
h = 79
padding_top = 15.5
padding_bottom = 5.5
padding_left = 13
padding_right = 5