# Autogenerated by the atlas packer, do not modify

texture = atlas_common_0
region_x = 0.04052734375000000
region_y = 0.76218097447795818
region_w = 0.01953125000000000
region_h = 0.09396751740139211
w = 40
h = 81
padding_top = 6.5
padding_bottom = 12.5
padding_left = 8.5
padding_right = 1.5