# Autogenerated by the atlas packer, do not modify

texture = atlas_common_0
region_x = 0.18377321603128055
region_y = 0.72813901345291476
region_w = 0.01955034213098729
region_h = 0.09865470852017937
w = 40
h = 88
padding_top = 6.5
padding_bottom = 5.5
padding_left = 8.5
padding_right = 1.5