# Autogenerated by the atlas packer, do not modify

texture = atlas_common_0
region_x = 0.12744140625000000
region_y = 0.86194895591647336
region_w = 0.01562500000000000
region_h = 0.09164733178654293
w = 32
h = 79
padding_top = 15.5
padding_bottom = 5.5
padding_left = 13
padding_right = 5