# Autogenerated by the atlas packer, do not modify

texture = atlas_common_0
region_x = 0.00048875855327468
region_y = 0.74327354260089684
region_w = 0.01955034213098729
region_h = 0.09529147982062780
w = 40
h = 85
padding_top = 6.5
padding_bottom = 8.5
padding_left = 8.5
padding_right = 1.5