# Autogenerated by the atlas packer, do not modify

texture = atlas_common_0
region_x = 0.11608015640273704
region_y = 0.76569506726457404
region_w = 0.01955034213098729
region_h = 0.09248878923766816
w = 40
h = 82.5
padding_top = 6.5
padding_bottom = 11
padding_left = 8.5
padding_right = 1.5