# Autogenerated by the atlas packer, do not modify

texture = atlas_common_0
region_x = 0.51928710937500000
region_y = 0.75986078886310904
region_w = 0.01953125000000000
region_h = 0.09570765661252900
w = 40
h = 82.5
padding_top = 6.5
padding_bottom = 11
padding_left = 8.5
padding_right = 1.5