# Autogenerated by the atlas packer, do not modify

texture = atlas_common_0
region_x = 0.21044921875000000
region_y = 0.40661252900232020
region_w = 0.01953125000000000
region_h = 0.10208816705336426
w = 40
h = 88
padding_top = 6.5
padding_bottom = 5.5
padding_left = 8.5
padding_right = 1.5