# Autogenerated by the atlas packer, do not modify

texture = atlas_common_0
region_x = 0.20854700854700856
region_y = 0.67555555555555558
region_w = 0.02442002442002442
region_h = 0.08888888888888889

# -- Pasted from the override file --

w = 50
h = 100
