# Autogenerated by the atlas packer, do not modify

texture = atlas_common_0
region_x = 0.01906158357771261
region_y = 0.87219730941704032
region_w = 0.01637341153470186
region_h = 0.08856502242152467
w = 33.5
h = 79
padding_top = 15.5
padding_bottom = 5.5
padding_left = 12
padding_right = 4.5