# Autogenerated by the atlas packer, do not modify

texture = atlas_common_0
region_x = 0.21728515625000000
region_y = 0.83584686774941996
region_w = 0.01733398437500000
region_h = 0.09164733178654293
w = 35.5
h = 79
padding_top = 15.5
padding_bottom = 5.5
padding_left = 9
padding_right = 5.5