# Autogenerated by the atlas packer, do not modify

texture = atlas_common_0
region_x = 0.04052734375000000
region_y = 0.85846867749419953
region_w = 0.01635742187500000
region_h = 0.09164733178654293
w = 33.5
h = 79
padding_top = 15.5
padding_bottom = 5.5
padding_left = 12
padding_right = 4.5