# Autogenerated by the atlas packer, do not modify

texture = atlas_common_0
region_x = 0.58056640625000000
region_y = 0.86774941995359633
region_w = 0.01513671875000000
region_h = 0.09164733178654293
w = 31
h = 79
padding_top = 15.5
padding_bottom = 5.5
padding_left = 14
padding_right = 5