# Autogenerated by the atlas packer, do not modify

texture = atlas_common_0
region_x = 0.66430664062500000
region_y = 0.70475638051044087
region_w = 0.01953125000000000
region_h = 0.09918793503480279
w = 40
h = 85.5
padding_top = 6.5
padding_bottom = 8
padding_left = 8.5
padding_right = 1.5