# Autogenerated by the atlas packer, do not modify

texture = atlas_common_0
region_x = 0.80913978494623651
region_y = 0.73991031390134532
region_w = 0.01955034213098729
region_h = 0.09585201793721973
w = 40
h = 85.5
padding_top = 6.5
padding_bottom = 8
padding_left = 8.5
padding_right = 1.5