# Autogenerated by the atlas packer, do not modify

texture = atlas_common_0
region_x = 0.50659179687500000
region_y = 0.82740384615384610
region_w = 0.02441406250000000
region_h = 0.09615384615384616

# -- Pasted from the override file --

w = 50
h = 100
