# Autogenerated by the atlas packer, do not modify

texture = atlas_common_0
region_x = 0.18066406250000000
region_y = 0.71345707656612534
region_w = 0.01953125000000000
region_h = 0.09860788863109049
w = 40
h = 85
padding_top = 6.5
padding_bottom = 8.5
padding_left = 8.5
padding_right = 1.5