# Autogenerated by the atlas packer, do not modify

texture = atlas_common_0
region_x = 0.68481445312500000
region_y = 0.72795823665893267
region_w = 0.01953125000000000
region_h = 0.09744779582366589
w = 40
h = 84
padding_top = 6.5
padding_bottom = 9.5
padding_left = 8.5
padding_right = 1.5