# Autogenerated by the atlas packer, do not modify

texture = atlas_common_0
region_x = 0.49486803519061584
region_y = 0.75560538116591924
region_w = 0.01955034213098729
region_h = 0.09417040358744394
w = 40
h = 84
padding_top = 6.5
padding_bottom = 9.5
padding_left = 8.5
padding_right = 1.5