# Autogenerated by the atlas packer, do not modify

texture = atlas_common_0
region_x = 0.00048875855327468
region_y = 0.84080717488789236
region_w = 0.01759530791788856
region_h = 0.08856502242152467
w = 36
h = 79
padding_top = 15.5
padding_bottom = 5.5
padding_left = 7
padding_right = 7