# Autogenerated by the atlas packer, do not modify

texture = atlas_common_0
region_x = 0.90502929687500000
region_y = 0.70301624129930396
region_w = 0.02124023437500000
region_h = 0.09744779582366589
w = 43.5
h = 84
padding_top = 4
padding_bottom = 12
padding_left = 15
padding_right = 16.5