# Autogenerated by the atlas packer, do not modify

texture = atlas_common_0
region_x = 0.40200391006842617
region_y = 0.76401345291479816
region_w = 0.01930596285434995
region_h = 0.09529147982062780
w = 39.5
h = 85
padding_top = 3
padding_bottom = 12
padding_left = 15.5
padding_right = 20