# Autogenerated by the atlas packer, do not modify

texture = atlas_common_0
region_x = 0.93670576735092859
region_y = 0.69058295964125560
region_w = 0.02541544477028348
region_h = 0.09417040358744394
w = 52
h = 84
padding_top = 4
padding_bottom = 12
padding_left = 10.5
padding_right = 12.5