# Autogenerated by the atlas packer, do not modify

texture = atlas_common_0
region_x = 0.03829160530191458
region_y = 0.56650717703349285
region_w = 0.03681885125184094
region_h = 0.09569377990430622

# -- Pasted from the override file --

w = 75
h = 100
