# Autogenerated by the atlas packer, do not modify

texture = atlas_common_0
region_x = 0.00048828125000000
region_y = 0.73317865429234341
region_w = 0.01928710937500000
region_h = 0.09860788863109049
w = 39.5
h = 85
padding_top = 3
padding_bottom = 12
padding_left = 15.5
padding_right = 20