# Autogenerated by the atlas packer, do not modify

texture = atlas_common_0
region_x = 0.56671554252199419
region_y = 0.78811659192825112
region_w = 0.01881720430107527
region_h = 0.09304932735426009
w = 38.5
h = 83
padding_top = 5
padding_bottom = 12
padding_left = 16.5
padding_right = 20