# Autogenerated by the atlas packer, do not modify

texture = atlas_common_0
region_x = 0.43188476562500000
region_y = 0.76334106728538287
region_w = 0.01904296875000000
region_h = 0.09628770301624130
w = 39
h = 83
padding_top = 5
padding_bottom = 12
padding_left = 20
padding_right = 16