# Autogenerated by the atlas packer, do not modify

texture = atlas_common_0
region_x = 0.91870117187500000
region_y = 0.85266821345707655
region_w = 0.01562500000000000
region_h = 0.09860788863109049
w = 32
h = 85
padding_top = 3
padding_bottom = 12
padding_left = 20
padding_right = 23