# Autogenerated by the atlas packer, do not modify

texture = atlas_common_0
region_x = 0.44918998527245951
region_y = 0.57129186602870818
region_w = 0.03681885125184094
region_h = 0.09569377990430622

# -- Pasted from the override file --

w = 75
h = 100
