# Autogenerated by the atlas packer, do not modify

texture = atlas_common_0
region_x = 0.61790606653620350
region_y = 0.50000000000000000
region_w = 0.03669275929549902
region_h = 0.09345794392523364

# -- Pasted from the override file --

w = 75
h = 100
