# Autogenerated by the atlas packer, do not modify

texture = atlas_common_0
region_x = 0.96309872922776152
region_y = 0.69058295964125560
region_w = 0.02565982404692082
region_h = 0.09304932735426009
w = 52.5
h = 83
padding_top = 5
padding_bottom = 12
padding_left = 10.5
padding_right = 12