# Autogenerated by the atlas packer, do not modify

texture = atlas_common_0
region_x = 0.48803710937500000
region_y = 0.66125290023201855
region_w = 0.03027343750000000
region_h = 0.09686774941995360
w = 62
h = 83.5
padding_top = 4.5
padding_bottom = 12
padding_left = 6
padding_right = 7