# Autogenerated by the atlas packer, do not modify

texture = atlas_common_0
region_x = 0.56323242187500000
region_y = 0.77726218097447797
region_w = 0.01635742187500000
region_h = 0.09860788863109049
w = 33.5
h = 85
padding_top = 3
padding_bottom = 12
padding_left = 19.5
padding_right = 22