# Autogenerated by the atlas packer, do not modify

texture = atlas_common_0
region_x = 0.75012272950417280
region_y = 0.49282296650717705
region_w = 0.03681885125184094
region_h = 0.09569377990430622

# -- Pasted from the override file --

w = 75
h = 100
