# Autogenerated by the atlas packer, do not modify

texture = atlas_common_0
region_x = 0.22336265884652981
region_y = 0.79204035874439460
region_w = 0.01857282502443793
region_h = 0.09304932735426009
w = 38
h = 83
padding_top = 5
padding_bottom = 12
padding_left = 17.5
padding_right = 19.5