# Autogenerated by the atlas packer, do not modify

texture = atlas_common_0
region_x = 0.96309872922776152
region_y = 0.78587443946188340
region_w = 0.01906158357771261
region_h = 0.09304932735426009
w = 39
h = 83
padding_top = 5
padding_bottom = 12
padding_left = 20
padding_right = 16