# Autogenerated by the atlas packer, do not modify

texture = atlas_common_0
region_x = 0.33968719452590418
region_y = 0.78587443946188340
region_w = 0.01735092864125122
region_h = 0.09304932735426009
w = 35.5
h = 83
padding_top = 5
padding_bottom = 12
padding_left = 20
padding_right = 19.5