# Autogenerated by the atlas packer, do not modify

texture = atlas_common_0
region_x = 0.67741935483870963
region_y = 0.81950672645739908
region_w = 0.01637341153470186
region_h = 0.09529147982062780
w = 33.5
h = 85
padding_top = 3
padding_bottom = 12
padding_left = 19.5
padding_right = 22