# Autogenerated by the atlas packer, do not modify

texture = atlas_common_0
region_x = 0.93743890518084061
region_y = 0.78699551569506732
region_w = 0.01881720430107527
region_h = 0.09360986547085202
w = 38.5
h = 83.5
padding_top = 4.5
padding_bottom = 12
padding_left = 16.5
padding_right = 20