# Autogenerated by the atlas packer, do not modify

texture = atlas_common_0
region_x = 0.98313782991202348
region_y = 0.78587443946188340
region_w = 0.01637341153470186
region_h = 0.09529147982062780
w = 33.5
h = 85
padding_top = 3
padding_bottom = 12
padding_left = 19.5
padding_right = 22