# Autogenerated by the atlas packer, do not modify

texture = atlas_common_0
region_x = 0.72287390029325516
region_y = 0.70459641255605376
region_w = 0.02346041055718475
region_h = 0.09529147982062780
w = 48
h = 85
padding_top = 3
padding_bottom = 12
padding_left = 13
padding_right = 14