# Autogenerated by the atlas packer, do not modify

texture = atlas_common_0
region_x = 0.55444335937500000
region_y = 0.67749419953596290
region_w = 0.02539062500000000
region_h = 0.09744779582366589
w = 52
h = 84
padding_top = 4
padding_bottom = 12
padding_left = 10.5
padding_right = 12.5