# Autogenerated by the atlas packer, do not modify

texture = atlas_common_0
region_x = 0.31811523437500000
region_y = 0.51972157772621808
region_w = 0.03320312500000000
region_h = 0.09628770301624130
w = 68
h = 83
padding_top = 5
padding_bottom = 12
padding_left = 4
padding_right = 3