# Autogenerated by the atlas packer, do not modify

texture = atlas_common_0
region_x = 0.82788085937500000
region_y = 0.69373549883990715
region_w = 0.02343750000000000
region_h = 0.09860788863109049
w = 48
h = 85
padding_top = 3
padding_bottom = 12
padding_left = 13
padding_right = 14