# Autogenerated by the atlas packer, do not modify

texture = atlas_common_0
region_x = 0.92063492063492058
region_y = 0.59288888888888891
region_w = 0.03663003663003663
region_h = 0.08888888888888889

# -- Pasted from the override file --

w = 75
h = 100
