# Autogenerated by the atlas packer, do not modify

texture = atlas_common_0
region_x = 0.45332355816226783
region_y = 0.74887892376681620
region_w = 0.01979472140762463
region_h = 0.09304932735426009
w = 40.5
h = 83
padding_top = 5
padding_bottom = 12
padding_left = 19
padding_right = 15.5