# Autogenerated by the atlas packer, do not modify

texture = atlas_common_0
region_x = 0.95433455433455439
region_y = 0.50222222222222224
region_w = 0.03663003663003663
region_h = 0.08888888888888889

# -- Pasted from the override file --

w = 75
h = 100
