# Autogenerated by the atlas packer, do not modify

texture = atlas_common_0
region_x = 0.86901270772238515
region_y = 0.87387892376681620
region_w = 0.01515151515151515
region_h = 0.09529147982062780
w = 31
h = 85
padding_top = 3
padding_bottom = 12
padding_left = 21.5
padding_right = 22.5