# Autogenerated by the atlas packer, do not modify

texture = atlas_common_0
region_x = 0.08081054687500000
region_y = 0.77262180974477956
region_w = 0.01879882812500000
region_h = 0.09628770301624130
w = 38.5
h = 83
padding_top = 5
padding_bottom = 12
padding_left = 16.5
padding_right = 20