# Autogenerated by the atlas packer, do not modify

texture = atlas_common_0
region_x = 0.58081054687500000
region_y = 0.76856148491879350
region_w = 0.01879882812500000
region_h = 0.09686774941995360
w = 38.5
h = 83.5
padding_top = 4.5
padding_bottom = 12
padding_left = 16.5
padding_right = 20