# Autogenerated by the atlas packer, do not modify

texture = atlas_common_0
region_x = 0.73260073260073255
region_y = 0.50577777777777777
region_w = 0.03663003663003663
region_h = 0.08888888888888889

# -- Pasted from the override file --

w = 75
h = 100
