# Autogenerated by the atlas packer, do not modify

texture = atlas_common_0
region_x = 0.44520547945205480
region_y = 0.46542056074766353
region_w = 0.03669275929549902
region_h = 0.09345794392523364

# -- Pasted from the override file --

w = 75
h = 100
