# Autogenerated by the atlas packer, do not modify

texture = atlas_common_0
region_x = 0.59677419354838712
region_y = 0.72029147982062780
region_w = 0.02126099706744868
region_h = 0.09417040358744394
w = 43.5
h = 84
padding_top = 4
padding_bottom = 12
padding_left = 15
padding_right = 16.5