# Autogenerated by the atlas packer, do not modify

texture = atlas_common_0
region_x = 0.26018654884634268
region_y = 0.54545454545454541
region_w = 0.03681885125184094
region_h = 0.09569377990430622

# -- Pasted from the override file --

w = 75
h = 100
