# Autogenerated by the atlas packer, do not modify

texture = atlas_common_0
region_x = 0.54907226562500000
region_y = 0.54182692307692304
region_w = 0.03662109375000000
region_h = 0.09615384615384616

# -- Pasted from the override file --

w = 75
h = 100
