# Autogenerated by the atlas packer, do not modify

texture = atlas_common_0
region_x = 0.39111328125000000
region_y = 0.72099767981438512
region_w = 0.01977539062500000
region_h = 0.09628770301624130
w = 40.5
h = 83
padding_top = 5
padding_bottom = 12
padding_left = 19
padding_right = 15.5