# Autogenerated by the atlas packer, do not modify

texture = atlas_common_0
region_x = 0.02101661779081134
region_y = 0.77466367713004480
region_w = 0.01881720430107527
region_h = 0.09529147982062780
w = 38.5
h = 85
padding_top = 3
padding_bottom = 12
padding_left = 16.5
padding_right = 20