# Autogenerated by the atlas packer, do not modify

texture = atlas_common_0
region_x = 0.35801564027370480
region_y = 0.86939461883408076
region_w = 0.01564027370478983
region_h = 0.09529147982062780
w = 32
h = 85
padding_top = 3
padding_bottom = 12
padding_left = 20
padding_right = 23