# Autogenerated by the atlas packer, do not modify

texture = atlas_common_0
region_x = 0.11743164062500000
region_y = 0.48413461538461539
region_w = 0.03662109375000000
region_h = 0.09615384615384616

# -- Pasted from the override file --

w = 75
h = 100
