# Autogenerated by the atlas packer, do not modify

texture = atlas_common_0
region_x = 0.08325195312500000
region_y = 0.42749419953596290
region_w = 0.01733398437500000
region_h = 0.09628770301624130
w = 35.5
h = 83
padding_top = 5
padding_bottom = 12
padding_left = 20
padding_right = 19.5