# Autogenerated by the atlas packer, do not modify

texture = atlas_common_0
region_x = 0.02075195312500000
region_y = 0.76218097447795818
region_w = 0.01879882812500000
region_h = 0.09860788863109049
w = 38.5
h = 85
padding_top = 3
padding_bottom = 12
padding_left = 16.5
padding_right = 20