# Autogenerated by the atlas packer, do not modify

texture = atlas_common_0
region_x = 0.03809523809523810
region_y = 0.59466666666666668
region_w = 0.03663003663003663
region_h = 0.08888888888888889

# -- Pasted from the override file --

w = 75
h = 100
