# Autogenerated by the atlas packer, do not modify

texture = atlas_common_0
region_x = 0.98413085937500000
region_y = 0.00116009280742459
region_w = 0.01513671875000000
region_h = 0.09860788863109049
w = 31
h = 85
padding_top = 3
padding_bottom = 12
padding_left = 21.5
padding_right = 22.5