# Autogenerated by the atlas packer, do not modify

texture = atlas_common_0
region_x = 0.82812500000000000
region_y = 0.57964184731385482
region_w = 0.03662109375000000
region_h = 0.09425070688030160

# -- Pasted from the override file --

w = 75
h = 100
