# Autogenerated by the atlas packer, do not modify

texture = atlas_common_0
region_x = 0.10302734375000000
region_y = 0.68735498839907194
region_w = 0.02563476562500000
region_h = 0.09628770301624130
w = 52.5
h = 83
padding_top = 5
padding_bottom = 12
padding_left = 10.5
padding_right = 12