# Autogenerated by the atlas packer, do not modify

texture = atlas_common_0
region_x = 0.85229492187500000
region_y = 0.77552204176334105
region_w = 0.01855468750000000
region_h = 0.09628770301624130
w = 38
h = 83
padding_top = 5
padding_bottom = 12
padding_left = 17.5
padding_right = 19.5