# Autogenerated by the atlas packer, do not modify

texture = atlas_common_0
region_x = 0.88405088062622306
region_y = 0.51682242990654204
region_w = 0.03669275929549902
region_h = 0.09345794392523364

# -- Pasted from the override file --

w = 75
h = 100
