# Autogenerated by the atlas packer, do not modify

texture = atlas_common_0
region_x = 0.71215820312500000
region_y = 0.59134615384615385
region_w = 0.03662109375000000
region_h = 0.09615384615384616

# -- Pasted from the override file --

w = 75
h = 100
