# Autogenerated by the atlas packer, do not modify

texture = atlas_common_0
region_x = 0.53543499511241444
region_y = 0.67432735426008972
region_w = 0.03030303030303030
region_h = 0.09360986547085202
w = 62
h = 83.5
padding_top = 4.5
padding_bottom = 12
padding_left = 6
padding_right = 7