# Autogenerated by the atlas packer, do not modify

texture = atlas_common_0
region_x = 0.59408602150537637
region_y = 0.53699551569506732
region_w = 0.03323558162267840
region_h = 0.09304932735426009
w = 68
h = 83
padding_top = 5
padding_bottom = 12
padding_left = 4
padding_right = 3