# Autogenerated by the atlas packer, do not modify

texture = atlas_common_0
region_x = 0.00048828125000000
region_y = 0.51538461538461533
region_w = 0.03662109375000000
region_h = 0.09615384615384616

# -- Pasted from the override file --

w = 75
h = 100
