# Autogenerated by the atlas packer, do not modify

texture = atlas_common_0
region_x = 0.79936461388074287
region_y = 0.32062780269058294
region_w = 0.02908113391984360
region_h = 0.12556053811659193
w = 59.5
h = 112
padding_top = 6
padding_bottom = 7
padding_left = 3.5
padding_right = 3.5