# Autogenerated by the atlas packer, do not modify

texture = atlas_common_0
region_x = 0.50635386119257086
region_y = 0.35538116591928254
region_w = 0.02859237536656891
region_h = 0.12556053811659193
w = 58.5
h = 112
padding_top = 6
padding_bottom = 7
padding_left = 3.5
padding_right = 4.5