# Autogenerated by the atlas packer, do not modify

texture = atlas_common_0
region_x = 0.08651026392961877
region_y = 0.51289237668161436
region_w = 0.02541544477028348
region_h = 0.12612107623318386
w = 52
h = 112.5
padding_top = 6
padding_bottom = 6.5
padding_left = 6.5
padding_right = 8