# Autogenerated by the atlas packer, do not modify

texture = atlas_common_0
region_x = 0.70039100684261979
region_y = 0.37612107623318386
region_w = 0.02834799608993157
region_h = 0.12612107623318386
w = 58
h = 112.5
padding_top = 6
padding_bottom = 6.5
padding_left = 6.5
padding_right = 2