# Autogenerated by the atlas packer, do not modify

texture = atlas_common_0
region_x = 0.40004887585532745
region_y = 0.47085201793721976
region_w = 0.02761485826001955
region_h = 0.12556053811659193
w = 56.5
h = 112
padding_top = 6
padding_bottom = 7
padding_left = 3.5
padding_right = 6.5