# Autogenerated by the atlas packer, do not modify

texture = atlas_common_0
region_x = 0.86168132942326492
region_y = 0.48038116591928254
region_w = 0.02639296187683285
region_h = 0.12556053811659193
w = 54
h = 112
padding_top = 6
padding_bottom = 7
padding_left = 6
padding_right = 6.5