# Autogenerated by the atlas packer, do not modify

texture = atlas_common_0
region_x = 0.83520507812500000
region_y = 0.87412993039443154
region_w = 0.02001953125000000
region_h = 0.06670533642691415
w = 38.5882
h = 54.1176
padding_top = 4.7058823529411766
padding_bottom = 1.4117647058823528
padding_left = 5.1764705882352944
padding_right = 4.2352941176470589