# Autogenerated by the atlas packer, do not modify

texture = atlas_common_0
region_x = 0.10302734375000000
region_y = 0.61890951276102091
region_w = 0.01538085937500000
region_h = 0.06496519721577726
w = 29.6471
h = 52.7059
padding_top = 4.2352941176470589
padding_bottom = 3.2941176470588234
padding_left = 9.882352941176471
padding_right = 8.4705882352941178