# Autogenerated by the atlas packer, do not modify

texture = atlas_common_0
region_x = 0.41805283757338552
region_y = 0.82943925233644855
region_w = 0.02495107632093933
region_h = 0.05981308411214954

# -- Pasted from the override file --

w = 48
h = 60
