# Autogenerated by the atlas packer, do not modify

texture = atlas_common_0
region_x = 0.66666666666666663
region_y = 0.87911111111111107
region_w = 0.02490842490842491
region_h = 0.05688888888888889

# -- Pasted from the override file --

w = 48
h = 60
