# Autogenerated by the atlas packer, do not modify

texture = atlas_common_0
region_x = 0.42675781250000000
region_y = 0.60382830626450112
region_w = 0.02124023437500000
region_h = 0.06670533642691415
w = 40.9412
h = 54.1176
padding_top = 4.7058823529411766
padding_bottom = 1.4117647058823528
padding_left = 2.8235294117647056
padding_right = 4.2352941176470589