# Autogenerated by the atlas packer, do not modify

texture = atlas_common_0
region_x = 0.98509286412512220
region_y = 0.06838565022421525
region_w = 0.01368523949169110
region_h = 0.06502242152466367
w = 26.3529
h = 54.5882
padding_top = 3.2941176470588234
padding_bottom = 2.3529411764705883
padding_left = 10.823529411764707
padding_right = 10.823529411764707