# Autogenerated by the atlas packer, do not modify

texture = atlas_common_0
region_x = 0.37826617826617825
region_y = 0.88088888888888894
region_w = 0.02490842490842491
region_h = 0.05688888888888889

# -- Pasted from the override file --

w = 48
h = 60
