# Autogenerated by the atlas packer, do not modify

texture = atlas_common_0
region_x = 0.05786132812500000
region_y = 0.87122969837587005
region_w = 0.02124023437500000
region_h = 0.06612529002320186
w = 40.9412
h = 53.6471
padding_top = 4.7058823529411766
padding_bottom = 1.8823529411764706
padding_left = 2.8235294117647056
padding_right = 4.2352941176470589