# Autogenerated by the atlas packer, do not modify

texture = atlas_common_0
region_x = 0.21704101562500000
region_y = 0.92981438515081205
region_w = 0.01367187500000000
region_h = 0.06728538283062645
w = 26.3529
h = 54.5882
padding_top = 3.2941176470588234
padding_bottom = 2.3529411764705883
padding_left = 10.823529411764707
padding_right = 10.823529411764707