# Autogenerated by the atlas packer, do not modify

texture = atlas_common_0
region_x = 0.00049091801669121
region_y = 0.88708133971291869
region_w = 0.02503681885125184
region_h = 0.06124401913875598

# -- Pasted from the override file --

w = 48
h = 60
