# Autogenerated by the atlas packer, do not modify

texture = atlas_common_0
region_x = 0.82299804687500000
region_y = 0.82115384615384612
region_w = 0.02490234375000000
region_h = 0.06153846153846154

# -- Pasted from the override file --

w = 48
h = 60
