# Autogenerated by the atlas packer, do not modify

texture = atlas_common_0
region_x = 0.00048840048840049
region_y = 0.85644444444444445
region_w = 0.02490842490842491
region_h = 0.05688888888888889

# -- Pasted from the override file --

w = 48
h = 60
