# Autogenerated by the atlas packer, do not modify

texture = atlas_common_0
region_x = 0.94080234833659493
region_y = 0.86355140186915891
region_w = 0.02495107632093933
region_h = 0.05981308411214954

# -- Pasted from the override file --

w = 48
h = 60
