# Autogenerated by the atlas packer, do not modify

texture = atlas_common_0
region_x = 0.11986301369863013
region_y = 0.87242990654205610
region_w = 0.02495107632093933
region_h = 0.05981308411214954

# -- Pasted from the override file --

w = 48
h = 60
