# Autogenerated by the atlas packer, do not modify

texture = atlas_common_0
region_x = 0.88061523437500000
region_y = 0.88631090487238984
region_w = 0.01855468750000000
region_h = 0.06554524361948956
w = 35.7647
h = 53.1765
padding_top = 4.2352941176470589
padding_bottom = 2.8235294117647056
padding_left = 5.6470588235294112
padding_right = 6.5882352941176467