# Autogenerated by the atlas packer, do not modify

texture = atlas_common_0
region_x = 0.13416422287390029
region_y = 0.87892376681614348
region_w = 0.02223851417399805
region_h = 0.06390134529147982
w = 42.8235
h = 53.6471
padding_top = 4.7058823529411766
padding_bottom = 1.8823529411764706
padding_left = 0.94117647058823528
padding_right = 4.2352941176470589