# Autogenerated by the atlas packer, do not modify

texture = atlas_common_0
region_x = 0.48217773437500000
region_y = 0.86136890951276102
region_w = 0.02221679687500000
region_h = 0.06612529002320186
w = 42.8235
h = 53.6471
padding_top = 4.7058823529411766
padding_bottom = 1.8823529411764706
padding_left = 0.94117647058823528
padding_right = 4.2352941176470589