# Autogenerated by the atlas packer, do not modify

texture = atlas_common_0
region_x = 0.25904203323558161
region_y = 0.90302690582959644
region_w = 0.01857282502443793
region_h = 0.06334080717488789
w = 35.7647
h = 53.1765
padding_top = 4.2352941176470589
padding_bottom = 2.8235294117647056
padding_left = 5.6470588235294112
padding_right = 6.5882352941176467