# Autogenerated by the atlas packer, do not modify

texture = atlas_common_0
region_x = 0.97338867187500000
region_y = 0.59134615384615385
region_w = 0.02490234375000000
region_h = 0.06153846153846154

# -- Pasted from the override file --

w = 48
h = 60
