# Autogenerated by the atlas packer, do not modify

texture = atlas_common_0
region_x = 0.64334637964774954
region_y = 0.03271028037383177
region_w = 0.02495107632093933
region_h = 0.05981308411214954

# -- Pasted from the override file --

w = 48
h = 60
