# Autogenerated by the atlas packer, do not modify

texture = atlas_common_0
region_x = 0.03289150711831124
region_y = 0.88421052631578945
region_w = 0.02503681885125184
region_h = 0.06124401913875598

# -- Pasted from the override file --

w = 48
h = 60
