# Autogenerated by the atlas packer, do not modify

texture = atlas_common_0
region_x = 0.60595703125000000
region_y = 0.81102733270499527
region_w = 0.02490234375000000
region_h = 0.06032045240339302

# -- Pasted from the override file --

w = 48
h = 60
