# Autogenerated by the atlas packer, do not modify

texture = atlas_common_0
region_x = 0.05528375733855186
region_y = 0.82242990654205606
region_w = 0.02495107632093933
region_h = 0.05981308411214954

# -- Pasted from the override file --

w = 48
h = 60
