# Autogenerated by the atlas packer, do not modify

texture = atlas_common_0
region_x = 0.93426197458455518
region_y = 0.88284753363228696
region_w = 0.02003910068426197
region_h = 0.06446188340807175
w = 38.5882
h = 54.1176
padding_top = 4.7058823529411766
padding_bottom = 1.4117647058823528
padding_left = 5.1764705882352944
padding_right = 4.2352941176470589