# Autogenerated by the atlas packer, do not modify

texture = atlas_common_0
region_x = 0.44496086105675148
region_y = 0.82102803738317753
region_w = 0.02641878669275929
region_h = 0.06168224299065420

# -- Pasted from the override file --

w = 54
h = 66
