# Autogenerated by the atlas packer, do not modify

texture = atlas_common_0
region_x = 0.14604810996563575
region_y = 0.83397129186602870
region_w = 0.02650957290132548
region_h = 0.06315789473684211

# -- Pasted from the override file --

w = 54
h = 66
