# Autogenerated by the atlas packer, do not modify

texture = atlas_common_0
region_x = 0.57861328125000000
region_y = 0.79170593779453347
region_w = 0.02636718750000000
region_h = 0.06220546654099906

# -- Pasted from the override file --

w = 54
h = 66
