# Autogenerated by the atlas packer, do not modify

texture = atlas_common_0
region_x = 0.67570869990224824
region_y = 0.91704035874439460
region_w = 0.01490713587487781
region_h = 0.06894618834080718
w = 30.5
h = 61.5
padding_top = 2.5
padding_bottom = 2
padding_left = 13
padding_right = 10.5