# Autogenerated by the atlas packer, do not modify

texture = atlas_common_0
region_x = 0.64776632302405501
region_y = 0.83444976076555022
region_w = 0.02650957290132548
region_h = 0.06315789473684211

# -- Pasted from the override file --

w = 54
h = 66
