# Autogenerated by the atlas packer, do not modify

texture = atlas_common_0
region_x = 0.00048828125000000
region_y = 0.92807424593967514
region_w = 0.01416015625000000
region_h = 0.06960556844547564
w = 29
h = 60
padding_top = 3
padding_bottom = 3
padding_left = 13
padding_right = 12