# Autogenerated by the atlas packer, do not modify

texture = atlas_common_0
region_x = 0.33586105675146771
region_y = 0.81635514018691591
region_w = 0.02641878669275929
region_h = 0.06168224299065420

# -- Pasted from the override file --

w = 54
h = 66
