# Autogenerated by the atlas packer, do not modify

texture = atlas_common_0
region_x = 0.76074218750000000
region_y = 0.87703016241299303
region_w = 0.01831054687500000
region_h = 0.06786542923433875
w = 37.5
h = 58.5
padding_top = 2
padding_bottom = 5.5
padding_left = 11
padding_right = 5.5