# Autogenerated by the atlas packer, do not modify

texture = atlas_common_0
region_x = 0.40307617187500000
region_y = 0.78269230769230769
region_w = 0.02636718750000000
region_h = 0.06346153846153846

# -- Pasted from the override file --

w = 54
h = 66
