# Autogenerated by the atlas packer, do not modify

texture = atlas_common_0
region_x = 0.47235812133072408
region_y = 0.84672897196261687
region_w = 0.02641878669275929
region_h = 0.06168224299065420

# -- Pasted from the override file --

w = 54
h = 66
