# Autogenerated by the atlas packer, do not modify

texture = atlas_common_0
region_x = 0.20063538611925708
region_y = 0.93329596412556048
region_w = 0.01515151515151515
region_h = 0.06502242152466367
w = 31
h = 58
padding_top = 3
padding_bottom = 5
padding_left = 11.5
padding_right = 11.5