# Autogenerated by the atlas packer, do not modify

texture = atlas_common_0
region_x = 0.64516129032258063
region_y = 0.63228699551569512
region_w = 0.01564027370478983
region_h = 0.06894618834080718
w = 32
h = 61.5
padding_top = 2.5
padding_bottom = 2
padding_left = 12.5
padding_right = 9.5