# Autogenerated by the atlas packer, do not modify

texture = atlas_common_0
region_x = 0.80537240537240540
region_y = 0.40622222222222221
region_w = 0.02637362637362637
region_h = 0.05866666666666667

# -- Pasted from the override file --

w = 54
h = 66
