# Autogenerated by the atlas packer, do not modify

texture = atlas_common_0
region_x = 0.97947214076246336
region_y = 0.88340807174887892
region_w = 0.01906158357771261
region_h = 0.06726457399103139
w = 39
h = 60
padding_top = 0.5
padding_bottom = 5.5
padding_left = 11
padding_right = 4