# Autogenerated by the atlas packer, do not modify

texture = atlas_common_0
region_x = 0.08651026392961877
region_y = 0.41311659192825112
region_w = 0.01417399804496579
region_h = 0.06726457399103139
w = 29
h = 60
padding_top = 3
padding_bottom = 3
padding_left = 13
padding_right = 12