# Autogenerated by the atlas packer, do not modify

texture = atlas_common_0
region_x = 0.98413085937500000
region_y = 0.10208816705336426
region_w = 0.01538085937500000
region_h = 0.07076566125290024
w = 31.5
h = 61
padding_top = 3
padding_bottom = 2
padding_left = 12
padding_right = 10.5