# Autogenerated by the atlas packer, do not modify

texture = atlas_common_0
region_x = 0.26342773437500000
region_y = 0.87529002320185612
region_w = 0.01904296875000000
region_h = 0.06960556844547564
w = 39
h = 60
padding_top = 0.5
padding_bottom = 5.5
padding_left = 11
padding_right = 4