# Autogenerated by the atlas packer, do not modify

texture = atlas_common_0
region_x = 0.84824046920821117
region_y = 0.88452914798206284
region_w = 0.01857282502443793
region_h = 0.06670403587443946
w = 38
h = 59.5
padding_top = 1
padding_bottom = 5.5
padding_left = 11
padding_right = 5