# Autogenerated by the atlas packer, do not modify

texture = atlas_common_0
region_x = 0.36254882812500000
region_y = 0.89559164733178653
region_w = 0.01489257812500000
region_h = 0.07134570765661252
w = 30.5
h = 61.5
padding_top = 2.5
padding_bottom = 2
padding_left = 13
padding_right = 10.5