# Autogenerated by the atlas packer, do not modify

texture = atlas_common_0
region_x = 0.65600585937500000
region_y = 0.90371229698375866
region_w = 0.01489257812500000
region_h = 0.07076566125290024
w = 30.5
h = 61
padding_top = 3
padding_bottom = 2
padding_left = 13
padding_right = 10.5