# Autogenerated by the atlas packer, do not modify

texture = atlas_common_0
region_x = 0.74169110459433041
region_y = 0.88565022421524664
region_w = 0.01832844574780059
region_h = 0.06558295964125560
w = 37.5
h = 58.5
padding_top = 2
padding_bottom = 5.5
padding_left = 11
padding_right = 5.5