# Autogenerated by the atlas packer, do not modify

texture = atlas_common_0
region_x = 0.31811523437500000
region_y = 0.77097078228086713
region_w = 0.02636718750000000
region_h = 0.06220546654099906

# -- Pasted from the override file --

w = 54
h = 66
