# Autogenerated by the atlas packer, do not modify

texture = atlas_common_0
region_x = 0.81085043988269789
region_y = 0.91143497757847536
region_w = 0.01539589442815249
region_h = 0.06838565022421525
w = 31.5
h = 61
padding_top = 3
padding_bottom = 2
padding_left = 12
padding_right = 10.5