# Autogenerated by the atlas packer, do not modify

texture = atlas_common_0
region_x = 0.22336265884652981
region_y = 0.88733183856502240
region_w = 0.01832844574780059
region_h = 0.06558295964125560
w = 37.5
h = 58.5
padding_top = 2
padding_bottom = 5.5
padding_left = 11
padding_right = 5.5