# Autogenerated by the atlas packer, do not modify

texture = atlas_common_0
region_x = 0.25170898437500000
region_y = 0.77596153846153848
region_w = 0.02636718750000000
region_h = 0.06346153846153846

# -- Pasted from the override file --

w = 54
h = 66
