# Autogenerated by the atlas packer, do not modify

texture = atlas_common_0
region_x = 0.10058593750000000
region_y = 0.92227378190255216
region_w = 0.01513671875000000
region_h = 0.06728538283062645
w = 31
h = 58
padding_top = 3
padding_bottom = 5
padding_left = 11.5
padding_right = 11.5