# Autogenerated by the atlas packer, do not modify

texture = atlas_common_0
region_x = 0.39065557729941291
region_y = 0.82943925233644855
region_w = 0.02641878669275929
region_h = 0.06168224299065420

# -- Pasted from the override file --

w = 54
h = 66
