# Autogenerated by the atlas packer, do not modify

texture = atlas_common_0
region_x = 0.22148962148962148
region_y = 0.84044444444444444
region_w = 0.02637362637362637
region_h = 0.05866666666666667

# -- Pasted from the override file --

w = 54
h = 66
