# Autogenerated by the atlas packer, do not modify

texture = atlas_common_0
region_x = 0.91184371184371182
region_y = 0.84133333333333338
region_w = 0.02637362637362637
region_h = 0.05866666666666667

# -- Pasted from the override file --

w = 54
h = 66
