# Autogenerated by the atlas packer, do not modify

texture = atlas_common_0
region_x = 0.67773437500000000
region_y = 0.48963242224316683
region_w = 0.02636718750000000
region_h = 0.06220546654099906

# -- Pasted from the override file --

w = 54
h = 66
