# Autogenerated by the atlas packer, do not modify

texture = atlas_common_0
region_x = 0.14404296875000000
region_y = 0.87645011600928069
region_w = 0.01855468750000000
region_h = 0.06902552204176333
w = 38
h = 59.5
padding_top = 1
padding_bottom = 5.5
padding_left = 11
padding_right = 5