# Autogenerated by the atlas packer, do not modify

texture = atlas_common_0
region_x = 0.46016617790811337
region_y = 0.91760089686098656
region_w = 0.01490713587487781
region_h = 0.06838565022421525
w = 30.5
h = 61
padding_top = 3
padding_bottom = 2
padding_left = 13
padding_right = 10.5