# Autogenerated by the atlas packer, do not modify

texture = atlas_common_0
region_x = 0.90014648437500000
region_y = 0.88631090487238984
region_w = 0.01562500000000000
region_h = 0.07134570765661252
w = 32
h = 61.5
padding_top = 2.5
padding_bottom = 2
padding_left = 12.5
padding_right = 9.5