# Autogenerated by the atlas packer, do not modify

texture = atlas_common_0
region_x = 0.70747800586510268
region_y = 0.92881165919282516
region_w = 0.01490713587487781
region_h = 0.06614349775784753
w = 30.5
h = 59
padding_top = 0.5
padding_bottom = 0.5
padding_left = 12
padding_right = 11.5