# Autogenerated by the atlas packer, do not modify

texture = atlas_common_0
region_x = 0.07983398437500000
region_y = 0.80240384615384619
region_w = 0.02636718750000000
region_h = 0.05769230769230770

# -- Pasted from the override file --

w = 54
h = 60
