# Autogenerated by the atlas packer, do not modify

texture = atlas_common_0
region_x = 0.52847324496809034
region_y = 0.89043062200956935
region_w = 0.02650957290132548
region_h = 0.05741626794258373

# -- Pasted from the override file --

w = 54
h = 60
