# Autogenerated by the atlas packer, do not modify

texture = atlas_common_0
region_x = 0.18181818181818182
region_y = 0.90919282511210764
region_w = 0.01783968719452591
region_h = 0.06109865470852018
w = 36.5
h = 54.5
padding_top = 4
padding_bottom = 1.5
padding_left = 8.5
padding_right = 9