# Autogenerated by the atlas packer, do not modify

texture = atlas_common_0
region_x = 0.68777614138438881
region_y = 0.30047846889952151
region_w = 0.02650957290132548
region_h = 0.05741626794258373

# -- Pasted from the override file --

w = 54
h = 60
