# Autogenerated by the atlas packer, do not modify

texture = atlas_common_0
region_x = 0.45385742187500000
region_y = 0.91415313225058004
region_w = 0.01538085937500000
region_h = 0.06670533642691415
w = 31.5
h = 57.5
padding_top = 2.5
padding_left = 12
padding_right = 10.5