# Autogenerated by the atlas packer, do not modify

texture = atlas_common_0
region_x = 0.93212890625000000
region_y = 0.80490103675777569
region_w = 0.02636718750000000
region_h = 0.05655042412818096

# -- Pasted from the override file --

w = 54
h = 60
