# Autogenerated by the atlas packer, do not modify

texture = atlas_common_0
region_x = 0.95890410958904104
region_y = 0.92523364485981308
region_w = 0.02641878669275929
region_h = 0.05607476635514019

# -- Pasted from the override file --

w = 54
h = 60
