# Autogenerated by the atlas packer, do not modify

texture = atlas_common_0
region_x = 0.46746575342465752
region_y = 0.91028037383177574
region_w = 0.02641878669275929
region_h = 0.05607476635514019

# -- Pasted from the override file --

w = 54
h = 60
