# Autogenerated by the atlas packer, do not modify

texture = atlas_common_0
region_x = 0.51539589442815248
region_y = 0.90582959641255600
region_w = 0.01808406647116325
region_h = 0.06109865470852018
w = 37
h = 54.5
padding_top = 4
padding_bottom = 1.5
padding_left = 8.5
padding_right = 8.5