# Autogenerated by the atlas packer, do not modify

texture = atlas_common_0
region_x = 0.37841796875000000
region_y = 0.92053364269141535
region_w = 0.01489257812500000
region_h = 0.06844547563805105
w = 30.5
h = 59
padding_top = 0.5
padding_bottom = 0.5
padding_left = 12
padding_right = 11.5