# Autogenerated by the atlas packer, do not modify

texture = atlas_common_0
region_x = 0.49217986314760509
region_y = 0.92544843049327352
region_w = 0.01539589442815249
region_h = 0.06446188340807175
w = 31.5
h = 57.5
padding_top = 2.5
padding_left = 12
padding_right = 10.5