# Autogenerated by the atlas packer, do not modify

texture = atlas_common_0
region_x = 0.21655273437500000
region_y = 0.79924599434495758
region_w = 0.02636718750000000
region_h = 0.05655042412818096

# -- Pasted from the override file --

w = 54
h = 60
