# Autogenerated by the atlas packer, do not modify

texture = atlas_common_0
region_x = 0.43774414062500000
region_y = 0.91415313225058004
region_w = 0.01513671875000000
region_h = 0.06844547563805105
w = 31
h = 59
padding_top = 0.5
padding_bottom = 0.5
padding_left = 11.5
padding_right = 11.5