# Autogenerated by the atlas packer, do not modify

texture = atlas_common_0
region_x = 0.23076923076923078
region_y = 0.91200000000000003
region_w = 0.02637362637362637
region_h = 0.05333333333333334

# -- Pasted from the override file --

w = 54
h = 60
