# Autogenerated by the atlas packer, do not modify

texture = atlas_common_0
region_x = 0.07746823069403715
region_y = 0.90863228699551568
region_w = 0.01783968719452591
region_h = 0.06109865470852018
w = 36.5
h = 54.5
padding_top = 4
padding_bottom = 1.5
padding_left = 8.5
padding_right = 9