# Autogenerated by the atlas packer, do not modify

texture = atlas_common_0
region_x = 0.33374023437500000
region_y = 0.78653846153846152
region_w = 0.02636718750000000
region_h = 0.05769230769230770

# -- Pasted from the override file --

w = 54
h = 60
