# Autogenerated by the atlas packer, do not modify

texture = atlas_common_0
region_x = 0.47605083088954059
region_y = 0.91760089686098656
region_w = 0.01515151515151515
region_h = 0.06614349775784753
w = 31
h = 59
padding_top = 0.5
padding_bottom = 0.5
padding_left = 11.5
padding_right = 11.5