# Autogenerated by the atlas packer, do not modify

texture = atlas_common_0
region_x = 0.51208791208791204
region_y = 0.93911111111111112
region_w = 0.02637362637362637
region_h = 0.05333333333333334

# -- Pasted from the override file --

w = 54
h = 60
