# Autogenerated by the atlas packer, do not modify

texture = atlas_common_0
region_x = 0.41015625000000000
region_y = 0.92227378190255216
region_w = 0.01489257812500000
region_h = 0.06728538283062645
w = 30.5
h = 58
padding_top = 2
padding_left = 11.5
padding_right = 12