# Autogenerated by the atlas packer, do not modify

texture = atlas_common_0
region_x = 0.08640157093765341
region_y = 0.89712918660287078
region_w = 0.02650957290132548
region_h = 0.05741626794258373

# -- Pasted from the override file --

w = 54
h = 60
