# Autogenerated by the atlas packer, do not modify

texture = atlas_common_0
region_x = 0.55381604696673192
region_y = 0.90841121495327104
region_w = 0.02641878669275929
region_h = 0.05607476635514019

# -- Pasted from the override file --

w = 54
h = 60
