# Autogenerated by the atlas packer, do not modify

texture = atlas_common_0
region_x = 0.61718750000000000
region_y = 0.89211136890951281
region_w = 0.01782226562500000
region_h = 0.06322505800464037
w = 36.5
h = 54.5
padding_top = 4
padding_bottom = 1.5
padding_left = 8.5
padding_right = 9