# Autogenerated by the atlas packer, do not modify

texture = atlas_common_0
region_x = 0.09628543499511241
region_y = 0.93385650224215244
region_w = 0.01490713587487781
region_h = 0.06502242152466367
w = 30.5
h = 58
padding_top = 2
padding_left = 11.5
padding_right = 12