# Autogenerated by the atlas packer, do not modify

texture = atlas_common_0
region_x = 0.76996336996337000
region_y = 0.90711111111111109
region_w = 0.02637362637362637
region_h = 0.05333333333333334

# -- Pasted from the override file --

w = 54
h = 60
