# Autogenerated by the atlas packer, do not modify

texture = atlas_common_0
region_x = 0.90371456500488756
region_y = 0.94899103139013452
region_w = 0.01466275659824047
region_h = 0.03251121076233184
w = 30
h = 29
padding_top = 1
padding_bottom = 1
padding_left = 0.5
padding_right = 0.5