# Autogenerated by the atlas packer, do not modify

texture = atlas_common_0
region_x = 0.08203125000000000
region_y = 0.34967012252591895
region_w = 0.00732421875000000
region_h = 0.01413760603204524

# -- Pasted from the override file --

w = 15
h = 15
