# Autogenerated by the atlas packer, do not modify

texture = atlas_common_0
region_x = 0.59081983308787434
region_y = 0.80430622009569375
region_w = 0.01472754050073638
region_h = 0.02727272727272727

# -- Pasted from the override file --

w = 31
h = 31
