# Autogenerated by the atlas packer, do not modify

texture = atlas_common_0
region_x = 0.39902319902319905
region_y = 0.31111111111111112
region_w = 0.01465201465201465
region_h = 0.02533333333333333

# -- Pasted from the override file --

w = 31
h = 31
