# Autogenerated by the atlas packer, do not modify

texture = atlas_common_0
region_x = 0.31947162426614484
region_y = 0.89252336448598135
region_w = 0.01516634050880626
region_h = 0.02897196261682243

# -- Pasted from the override file --

w = 31
h = 31
