# Autogenerated by the atlas packer, do not modify

texture = atlas_common_0
region_x = 0.91935483870967738
region_y = 0.94955156950672648
region_w = 0.01466275659824047
region_h = 0.03195067264573991
w = 30
h = 28.5