# Autogenerated by the atlas packer, do not modify

texture = atlas_common_0
region_x = 0.97631257631257629
region_y = 0.74399999999999999
region_w = 0.00732600732600733
region_h = 0.01333333333333333

# -- Pasted from the override file --

w = 15
h = 15
