# Autogenerated by the atlas packer, do not modify

texture = atlas_common_0
region_x = 0.86033382425135008
region_y = 0.91531100478468896
region_w = 0.00736377025036819
region_h = 0.01435406698564593

# -- Pasted from the override file --

w = 15
h = 15
