# Autogenerated by the atlas packer, do not modify

texture = atlas_common_0
region_x = 0.83105468750000000
region_y = 0.57076566125290018
region_w = 0.01464843750000000
region_h = 0.03364269141531322
w = 30
h = 29
padding_top = 1
padding_bottom = 1
padding_left = 0.5
padding_right = 0.5