# Autogenerated by the atlas packer, do not modify

texture = atlas_common_0
region_x = 0.16357421875000000
region_y = 0.94489559164733183
region_w = 0.01464843750000000
region_h = 0.03306264501160093
w = 30
h = 28.5