# Autogenerated by the atlas packer, do not modify

texture = atlas_common_0
region_x = 0.76565557729941291
region_y = 0.32336448598130840
region_w = 0.00733855185909980
region_h = 0.01401869158878505

# -- Pasted from the override file --

w = 15
h = 15
