# Autogenerated by the atlas packer, do not modify

texture = atlas_common_0
region_x = 0.41674804687500000
region_y = 0.64043355325164941
region_w = 0.01464843750000000
region_h = 0.02686145146088596

# -- Pasted from the override file --

w = 31
h = 31
