# Autogenerated by the atlas packer, do not modify

texture = atlas_common_0
region_x = 0.27935420743639922
region_y = 0.92476635514018690
region_w = 0.01467710371819961
region_h = 0.02663551401869159

# -- Pasted from the override file --

w = 31
h = 31
