# Autogenerated by the atlas packer, do not modify

texture = atlas_common_0
region_x = 0.43359375000000000
region_y = 0.76105769230769227
region_w = 0.01464843750000000
region_h = 0.02740384615384615

# -- Pasted from the override file --

w = 31
h = 31
