# Autogenerated by the atlas packer, do not modify

texture = atlas_common_0
region_x = 0.29101562500000000
region_y = 0.38341067285382829
region_w = 0.00634765625000000
region_h = 0.01508120649651972
w = 13
h = 13
padding_top = 1.5
padding_bottom = 1.5
padding_left = 1.5
padding_right = 1.5