# Autogenerated by the atlas packer, do not modify

texture = atlas_common_0
region_x = 0.47324496809032890
region_y = 0.70334928229665072
region_w = 0.00785468826705940
region_h = 0.01531100478468900

# -- Pasted from the override file --

w = 16
h = 16
