# Autogenerated by the atlas packer, do not modify

texture = atlas_common_0
region_x = 0.25904203323558161
region_y = 0.87387892376681620
region_w = 0.00635386119257087
region_h = 0.01457399103139013
w = 13
h = 13
padding_top = 1.5
padding_bottom = 1.5
padding_left = 1.5
padding_right = 1.5