# Autogenerated by the atlas packer, do not modify

texture = atlas_common_0
region_x = 0.53473581213307242
region_y = 0.32242990654205606
region_w = 0.00782778864970646
region_h = 0.01495327102803738

# -- Pasted from the override file --

w = 16
h = 16
