# Autogenerated by the atlas packer, do not modify

texture = atlas_common_0
region_x = 0.80265095729013258
region_y = 0.68803827751196167
region_w = 0.01521845851742759
region_h = 0.02966507177033493

# -- Pasted from the override file --

w = 31
h = 31
