# Autogenerated by the atlas packer, do not modify

texture = atlas_common_0
region_x = 0.66421207658321058
region_y = 0.62679425837320579
region_w = 0.00736377025036819
region_h = 0.01435406698564593

# -- Pasted from the override file --

w = 15
h = 15
