# Autogenerated by the atlas packer, do not modify

texture = atlas_common_0
region_x = 0.24070450097847357
region_y = 0.64579439252336446
region_w = 0.01516634050880626
region_h = 0.02897196261682243

# -- Pasted from the override file --

w = 31
h = 31
