# Autogenerated by the atlas packer, do not modify

texture = atlas_common_0
region_x = 0.25439453125000000
region_y = 0.94721577726218098
region_w = 0.01513671875000000
region_h = 0.03132250580046404
w = 31
h = 27
padding_top = 2
padding_bottom = 2