# Autogenerated by the atlas packer, do not modify

texture = atlas_common_0
region_x = 0.93499511241446720
region_y = 0.94955156950672648
region_w = 0.01515151515151515
region_h = 0.03026905829596413
w = 31
h = 27
padding_top = 2
padding_bottom = 2