# Autogenerated by the atlas packer, do not modify

texture = atlas_common_0
region_x = 0.61132812500000000
region_y = 0.41470311027332707
region_w = 0.00732421875000000
region_h = 0.01413760603204524

# -- Pasted from the override file --

w = 15
h = 15
