# Autogenerated by the atlas packer, do not modify

texture = atlas_common_0
region_x = 0.27201565557729940
region_y = 0.62102803738317758
region_w = 0.00733855185909980
region_h = 0.01401869158878505

# -- Pasted from the override file --

w = 15
h = 15
