# Autogenerated by the atlas packer, do not modify

texture = atlas_common_0
region_x = 0.45385742187500000
region_y = 0.66153846153846152
region_w = 0.01513671875000000
region_h = 0.02980769230769231

# -- Pasted from the override file --

w = 31
h = 31
