# Autogenerated by the atlas packer, do not modify

texture = atlas_common_0
region_x = 0.60677466863033869
region_y = 0.72440191387559805
region_w = 0.01521845851742759
region_h = 0.02966507177033493

# -- Pasted from the override file --

w = 31
h = 31
