# Autogenerated by the atlas packer, do not modify

texture = atlas_common_0
region_x = 0.09084249084249084
region_y = 0.96088888888888890
region_w = 0.01514041514041514
region_h = 0.02755555555555556

# -- Pasted from the override file --

w = 31
h = 31
