# Autogenerated by the atlas packer, do not modify

texture = atlas_common_0
region_x = 0.97949218750000000
region_y = 0.29311969839773799
region_w = 0.01513671875000000
region_h = 0.02921771913289350

# -- Pasted from the override file --

w = 31
h = 31
