# Autogenerated by the atlas packer, do not modify

texture = atlas_common_0
region_x = 0.97189638318670579
region_y = 0.95291479820627800
region_w = 0.01515151515151515
region_h = 0.03026905829596413
w = 31
h = 27
padding_top = 2
padding_bottom = 2