# Autogenerated by the atlas packer, do not modify

texture = atlas_common_0
region_x = 0.56298828125000000
region_y = 0.33173076923076922
region_w = 0.00781250000000000
region_h = 0.01538461538461539

# -- Pasted from the override file --

w = 16
h = 16
