# Autogenerated by the atlas packer, do not modify

texture = atlas_common_0
region_x = 0.02788649706457925
region_y = 0.53878504672897198
region_w = 0.00782778864970646
region_h = 0.01495327102803738

# -- Pasted from the override file --

w = 16
h = 16
