# Autogenerated by the atlas packer, do not modify

texture = atlas_common_0
region_x = 0.38367546432062560
region_y = 0.65919282511210764
region_w = 0.00782013685239492
region_h = 0.01793721973094170
w = 16
h = 16