# Autogenerated by the atlas packer, do not modify

texture = atlas_common_0
region_x = 0.51806640625000000
region_y = 0.31762488218661639
region_w = 0.00781250000000000
region_h = 0.01508011310084826

# -- Pasted from the override file --

w = 16
h = 16
