# Autogenerated by the atlas packer, do not modify

texture = atlas_common_0
region_x = 0.75097751710654936
region_y = 0.51849775784753360
region_w = 0.00684261974584555
region_h = 0.01345291479820628
w = 14
h = 12
padding_top = 1.5
padding_bottom = 1.5
padding_left = 0.5
padding_right = 0.5