# Autogenerated by the atlas packer, do not modify

texture = atlas_common_0
region_x = 0.54150390625000000
region_y = 0.31670533642691417
region_w = 0.00732421875000000
region_h = 0.01740139211136891
w = 15
h = 15