# Autogenerated by the atlas packer, do not modify

texture = atlas_common_0
region_x = 0.30058651026392963
region_y = 0.65190582959641252
region_w = 0.00733137829912024
region_h = 0.01681614349775785
w = 15
h = 15