# Autogenerated by the atlas packer, do not modify

texture = atlas_common_0
region_x = 0.28302808302808302
region_y = 0.85333333333333339
region_w = 0.00732600732600733
region_h = 0.01333333333333333

# -- Pasted from the override file --

w = 15
h = 15
