# Autogenerated by the atlas packer, do not modify

texture = atlas_common_0
region_x = 0.04614257812500000
region_y = 0.53886310904872392
region_w = 0.00683593750000000
region_h = 0.01392111368909513
w = 14
h = 12
padding_top = 1.5
padding_bottom = 1.5
padding_left = 0.5
padding_right = 0.5