# Autogenerated by the atlas packer, do not modify

texture = atlas_common_0
region_x = 0.54907226562500000
region_y = 0.49471153846153848
region_w = 0.00732421875000000
region_h = 0.01442307692307692

# -- Pasted from the override file --

w = 15
h = 15
