# Autogenerated by the atlas packer, do not modify

texture = atlas_common_0
region_x = 0.91184371184371182
region_y = 0.78933333333333333
region_w = 0.00732600732600733
region_h = 0.01333333333333333

# -- Pasted from the override file --

w = 15
h = 15
