# Autogenerated by the atlas packer, do not modify

texture = atlas_common_0
region_x = 0.54203323558162264
region_y = 0.30605381165919282
region_w = 0.00733137829912024
region_h = 0.01681614349775785
w = 15
h = 15