# Autogenerated by the atlas packer, do not modify

texture = atlas_common_0
region_x = 0.23217773437500000
region_y = 0.64675174013921111
region_w = 0.00781250000000000
region_h = 0.01856148491879350
w = 16
h = 16