# Autogenerated by the atlas packer, do not modify

texture = atlas_common_0
region_x = 0.85149729995090817
region_y = 0.91531100478468896
region_w = 0.00785468826705940
region_h = 0.01531100478468900

# -- Pasted from the override file --

w = 16
h = 16
