# Autogenerated by the atlas packer, do not modify

texture = atlas_common_0
region_x = 0.60253906250000000
region_y = 0.41470311027332707
region_w = 0.00781250000000000
region_h = 0.01508011310084826

# -- Pasted from the override file --

w = 16
h = 16
