# Autogenerated by the atlas packer, do not modify

texture = atlas_common_0
region_x = 0.31947162426614484
region_y = 0.92336448598130838
region_w = 0.00782778864970646
region_h = 0.01495327102803738

# -- Pasted from the override file --

w = 16
h = 16
