# Autogenerated by the atlas packer, do not modify

texture = atlas_common_0
region_x = 0.06202686202686203
region_y = 0.74577777777777776
region_w = 0.00781440781440781
region_h = 0.01422222222222222

# -- Pasted from the override file --

w = 16
h = 16
