# Autogenerated by the atlas packer, do not modify

texture = atlas_common_0
region_x = 0.05718475073313783
region_y = 0.70067264573991028
region_w = 0.00782013685239492
region_h = 0.01793721973094170
w = 16
h = 16