# Autogenerated by the atlas packer, do not modify

texture = atlas_common_0
region_x = 0.53861192570869987
region_y = 0.83239910313901344
region_w = 0.00733137829912024
region_h = 0.01681614349775785
w = 15
h = 15