# Autogenerated by the atlas packer, do not modify

texture = atlas_common_0
region_x = 0.21060382916053019
region_y = 0.41866028708133973
region_w = 0.00736377025036819
region_h = 0.01435406698564593

# -- Pasted from the override file --

w = 15
h = 15
