# Autogenerated by the atlas packer, do not modify

texture = atlas_common_ui_0
region_x = 0.62259615384615385
region_y = 0.00295857988165680
region_w = 0.37500000000000000
region_h = 0.30325443786982248

# -- Pasted from the override file --

w = 152
h = 100
