# Autogenerated by the atlas packer, do not modify

texture = atlas_common_ui_0
region_x = 0.41792929292929293
region_y = 0.63380281690140849
region_w = 0.32070707070707072
region_h = 0.31338028169014087
w = 127
h = 89
padding_top = 9
padding_bottom = 4.5
padding_left = 11.5
padding_right = 17.5