# Autogenerated by the atlas packer, do not modify

texture = atlas_common_ui_0
region_x = 0.00252525252525253
region_y = 0.70422535211267601
region_w = 0.31818181818181818
region_h = 0.28873239436619719
w = 126
h = 82
padding_top = 19.5
padding_bottom = 6
padding_left = 13
padding_right = 6