# Autogenerated by the atlas packer, do not modify

texture = atlas_common_ui_0
region_x = 0.00240384615384615
region_y = 0.67899408284023666
region_w = 0.34855769230769229
region_h = 0.31804733727810652

# -- Pasted from the override file --

w = 134
h = 100
