# Autogenerated by the atlas packer, do not modify

texture = atlas_common_ui_0
region_x = 0.41792929292929293
region_y = 0.31866197183098594
region_w = 0.44065656565656564
region_h = 0.30809859154929575
w = 174.5
h = 87.5
padding_top = 14
padding_bottom = 13
padding_left = 14
padding_right = 8