# Autogenerated by the atlas packer, do not modify

texture = atlas_common_ui_0
region_x = 0.00240384615384615
region_y = 0.33431952662721892
region_w = 0.47235576923076922
region_h = 0.33875739644970415

# -- Pasted from the override file --

w = 172
h = 100
