# Autogenerated by the atlas packer, do not modify

texture = atlas_common_ui_0
region_x = 0.65151515151515149
region_y = 0.00352112676056338
region_w = 0.34343434343434343
region_h = 0.27288732394366200
w = 136
h = 77.5
padding_top = 14.5
padding_bottom = 6.5
padding_left = 14
padding_right = 15