# Autogenerated by the atlas packer, do not modify

texture = atlas_common_ui_0
region_x = 0.47956730769230771
region_y = 0.33431952662721892
region_w = 0.39663461538461536
region_h = 0.29142011834319526

# -- Pasted from the override file --

w = 168
h = 100
